>HVGACRTCCAYDAA	17-TTHRTGGAYGTCBD	8.833283	-464.017342	0	T:708.0(24.11%),B:2407.0(6.53%),P:1e-201
0.269	0.367	0.003	0.361
0.270	0.267	0.356	0.107
0.263	0.077	0.659	0.001
0.801	0.010	0.001	0.188
0.202	0.682	0.009	0.107
0.447	0.003	0.479	0.071
0.097	0.001	0.002	0.900
0.010	0.840	0.030	0.120
0.102	0.467	0.307	0.125
0.673	0.001	0.293	0.033
0.057	0.515	0.001	0.427
0.316	0.086	0.234	0.364
0.787	0.009	0.187	0.017
0.925	0.021	0.036	0.018
