>TAAAAAACCCTA	11-TAGGGTTTTTTA	10.966549	-557.495990	0	T:416.0(14.17%),B:604.8(1.64%),P:1e-242
0.109	0.062	0.022	0.807
0.859	0.035	0.008	0.098
0.692	0.042	0.007	0.259
0.819	0.011	0.155	0.015
0.940	0.036	0.017	0.007
0.942	0.031	0.005	0.022
0.687	0.082	0.140	0.091
0.064	0.793	0.009	0.134
0.119	0.789	0.010	0.082
0.045	0.912	0.007	0.036
0.183	0.010	0.015	0.792
0.971	0.014	0.005	0.010
