>SGSCGACGBCGG	22-SGSCGACGBCGG	8.451864	-201.230705	0	T:231.0(7.87%),B:565.8(1.54%),P:1e-87
0.236	0.429	0.304	0.031
0.118	0.009	0.835	0.038
0.192	0.401	0.330	0.076
0.001	0.962	0.009	0.028
0.066	0.006	0.927	0.001
0.432	0.140	0.195	0.232
0.095	0.777	0.091	0.037
0.057	0.028	0.914	0.001
0.143	0.323	0.285	0.249
0.001	0.954	0.017	0.028
0.114	0.072	0.668	0.146
0.280	0.201	0.448	0.071
