>AGTCCATGGACTWT	22-AWAGTCCATGGACT	14.101080	-198.312884	0	T:308.0(10.49%),B:1011.8(2.75%),P:1e-86
0.981	0.001	0.001	0.017
0.052	0.014	0.843	0.091
0.001	0.001	0.046	0.952
0.132	0.786	0.009	0.073
0.037	0.755	0.009	0.199
0.808	0.001	0.190	0.001
0.010	0.225	0.001	0.764
0.148	0.018	0.748	0.086
0.021	0.048	0.840	0.091
0.971	0.001	0.027	0.001
0.138	0.801	0.001	0.060
0.069	0.006	0.001	0.924
0.482	0.001	0.011	0.506
0.021	0.001	0.009	0.969
