>GAAATCATCCAT	5-GAAATCATCCAT	10.729015	-812.899410	0	T:491.0(16.72%),B:511.1(1.39%),P:1e-353
0.023	0.011	0.920	0.046
0.958	0.013	0.016	0.013
0.881	0.001	0.058	0.060
0.627	0.292	0.006	0.075
0.006	0.017	0.006	0.971
0.043	0.884	0.006	0.067
0.940	0.020	0.017	0.023
0.011	0.020	0.006	0.963
0.006	0.760	0.021	0.213
0.117	0.703	0.046	0.134
0.728	0.013	0.245	0.014
0.099	0.066	0.165	0.670
