>TTHRTGGAYGTCBD	17-TTHRTGGAYGTCBD,BestGuess:AT3G10030/MA1662.1/Jaspar(0.566)	8.833283	-464.017342	0	T:708.0(24.11%),B:2407.0(6.53%),P:1e-201
0.018	0.036	0.021	0.925
0.017	0.187	0.009	0.787
0.364	0.234	0.086	0.316
0.427	0.001	0.515	0.057
0.033	0.293	0.001	0.673
0.125	0.307	0.467	0.102
0.120	0.030	0.840	0.010
0.900	0.002	0.001	0.097
0.071	0.479	0.003	0.447
0.107	0.009	0.682	0.202
0.188	0.001	0.010	0.801
0.001	0.659	0.077	0.263
0.107	0.356	0.267	0.270
0.361	0.003	0.367	0.269
