>GATGCGKGCAGGCC	24-GATGCGKGCAGGCC	10.357989	-109.185816	0	T:124.0(4.22%),B:299.1(0.81%),P:1e-47
0.162	0.001	0.784	0.053
0.769	0.001	0.055	0.175
0.088	0.001	0.018	0.893
0.109	0.023	0.795	0.073
0.028	0.594	0.035	0.343
0.096	0.063	0.760	0.081
0.012	0.231	0.308	0.448
0.192	0.109	0.698	0.001
0.021	0.819	0.006	0.154
0.970	0.006	0.006	0.018
0.157	0.072	0.567	0.204
0.115	0.001	0.614	0.270
0.005	0.946	0.006	0.043
0.142	0.730	0.025	0.103
