>TBGATTCWAGGTTW	5-TBGATTCWAGGTTW	10.078663	-776.169050	0	T:830.0(28.27%),B:2043.9(5.55%),P:1e-337
0.384	0.003	0.009	0.604
0.173	0.190	0.307	0.329
0.259	0.001	0.738	0.002
0.963	0.001	0.025	0.011
0.012	0.001	0.002	0.985
0.002	0.001	0.001	0.996
0.017	0.667	0.008	0.308
0.560	0.001	0.019	0.420
0.569	0.001	0.036	0.394
0.253	0.001	0.699	0.047
0.094	0.006	0.559	0.341
0.163	0.079	0.103	0.655
0.086	0.014	0.234	0.666
0.470	0.173	0.001	0.355
