>TTAGGGTTTAGG	21-TTAGGGTTTAGG	9.653253	-375.362163	0	T:554.0(18.87%),B:1792.3(4.87%),P:1e-163
0.107	0.010	0.049	0.834
0.116	0.018	0.055	0.811
0.779	0.028	0.060	0.133
0.146	0.064	0.741	0.049
0.190	0.042	0.642	0.126
0.140	0.011	0.766	0.083
0.031	0.151	0.072	0.746
0.041	0.011	0.083	0.865
0.142	0.022	0.024	0.812
0.683	0.011	0.116	0.190
0.145	0.042	0.712	0.101
0.220	0.048	0.608	0.124
