>AACCCWAAAAAMCC	11-AACCCWAAAAAMCC	13.569308	-585.631327	0	T:330.0(11.24%),B:296.0(0.80%),P:1e-254
0.959	0.001	0.001	0.039
0.804	0.194	0.001	0.001
0.313	0.616	0.001	0.070
0.072	0.909	0.001	0.018
0.107	0.565	0.001	0.327
0.369	0.157	0.001	0.473
0.736	0.001	0.001	0.262
0.842	0.001	0.001	0.156
0.879	0.001	0.119	0.001
0.997	0.001	0.001	0.001
0.955	0.043	0.001	0.001
0.483	0.370	0.068	0.079
0.183	0.732	0.005	0.080
0.201	0.761	0.001	0.037
