>ACTKGHTCCWTAGC	7-GCTAWGGADCMAGT	8.709423	-623.812689	0	T:860.0(29.29%),B:2739.3(7.44%),P:1e-270
0.799	0.001	0.199	0.001
0.087	0.761	0.033	0.119
0.249	0.001	0.062	0.688
0.058	0.001	0.402	0.539
0.099	0.001	0.869	0.031
0.326	0.281	0.001	0.392
0.001	0.068	0.001	0.930
0.046	0.717	0.001	0.236
0.023	0.915	0.001	0.061
0.364	0.024	0.114	0.498
0.172	0.001	0.011	0.816
0.673	0.004	0.309	0.014
0.227	0.043	0.708	0.022
0.145	0.502	0.010	0.343
