>TAGGGTTTTTTA	11-TAGGGTTTTTTA,BestGuess:AT1G72740/MA1353.1/Jaspar(0.761)	10.966549	-557.495990	0	T:416.0(14.17%),B:604.8(1.64%),P:1e-242
0.010	0.005	0.014	0.971
0.792	0.015	0.010	0.183
0.036	0.007	0.912	0.045
0.082	0.010	0.789	0.119
0.134	0.009	0.793	0.064
0.091	0.140	0.082	0.687
0.022	0.005	0.031	0.942
0.007	0.017	0.036	0.940
0.015	0.155	0.011	0.819
0.259	0.007	0.042	0.692
0.098	0.008	0.035	0.859
0.807	0.022	0.062	0.109
