>WGGGTTTAGGGTTT	15-WGGGTTTAGGGTTT	10.125574	-523.191847	0	T:777.0(26.46%),B:2608.2(7.08%),P:1e-227
0.459	0.009	0.147	0.385
0.313	0.020	0.482	0.184
0.184	0.001	0.667	0.148
0.139	0.001	0.704	0.156
0.103	0.062	0.093	0.742
0.017	0.026	0.013	0.944
0.173	0.024	0.024	0.779
0.603	0.001	0.051	0.345
0.167	0.018	0.770	0.045
0.253	0.002	0.643	0.102
0.147	0.002	0.827	0.024
0.058	0.052	0.001	0.889
0.001	0.001	0.001	0.997
0.130	0.053	0.179	0.638
