>ATGCGBGCAGGC	23-ATGCGBGCAGGC	9.337533	-180.351373	0	T:172.0(5.86%),B:339.9(0.92%),P:1e-78
0.758	0.027	0.150	0.065
0.066	0.018	0.046	0.870
0.059	0.030	0.871	0.040
0.053	0.496	0.196	0.254
0.097	0.064	0.764	0.075
0.045	0.376	0.279	0.300
0.110	0.162	0.690	0.038
0.067	0.821	0.032	0.080
0.899	0.029	0.037	0.035
0.116	0.057	0.729	0.098
0.059	0.025	0.862	0.054
0.033	0.867	0.047	0.053
