>MAYCTWGAAWTCAT	4-MAYCTWGAAWTCAT,BestGuess:PH0037.1_Hdx/Jaspar(0.631)	12.029568	-867.793618	0	T:525.0(17.88%),B:551.4(1.50%),P:1e-376
0.397	0.520	0.001	0.082
0.816	0.106	0.077	0.001
0.224	0.417	0.001	0.358
0.001	0.973	0.001	0.025
0.211	0.003	0.001	0.785
0.536	0.047	0.001	0.416
0.244	0.001	0.725	0.030
0.872	0.001	0.126	0.001
0.852	0.146	0.001	0.001
0.393	0.111	0.040	0.456
0.139	0.333	0.001	0.527
0.001	0.995	0.001	0.003
0.995	0.001	0.003	0.001
0.080	0.045	0.001	0.874
