>TCAACAACACAACC	18-GGTTGTGTTGTTGA	10.755548	-424.207407	0	T:416.0(14.17%),B:870.6(2.36%),P:1e-184
0.093	0.089	0.009	0.809
0.098	0.838	0.010	0.054
0.863	0.021	0.040	0.076
0.886	0.074	0.012	0.028
0.126	0.524	0.175	0.175
0.841	0.025	0.006	0.128
0.901	0.030	0.010	0.059
0.037	0.885	0.019	0.059
0.699	0.123	0.013	0.165
0.235	0.648	0.026	0.091
0.759	0.161	0.056	0.024
0.804	0.028	0.019	0.149
0.211	0.710	0.039	0.040
0.081	0.834	0.030	0.055
