>CGGCGCGCCRSSCC	1-GGSSYGGCGCGCCG	8.630587	-1154.592804	0	T:882.0(30.04%),B:1433.1(3.89%),P:1e-501
0.157	0.477	0.159	0.207
0.062	0.009	0.923	0.006
0.108	0.183	0.585	0.124
0.041	0.655	0.236	0.068
0.060	0.094	0.764	0.082
0.026	0.826	0.050	0.098
0.091	0.213	0.677	0.019
0.101	0.576	0.231	0.092
0.040	0.775	0.118	0.067
0.329	0.060	0.404	0.208
0.077	0.415	0.454	0.054
0.100	0.464	0.392	0.045
0.008	0.851	0.105	0.036
0.159	0.732	0.003	0.106
