>TTTTTAGGGTTTAG	6-TTTTTAGGGTTTAG	11.624632	-647.324997	0	T:454.0(15.46%),B:603.4(1.64%),P:1e-281
0.001	0.001	0.001	0.997
0.027	0.001	0.059	0.913
0.001	0.075	0.008	0.916
0.146	0.001	0.012	0.841
0.009	0.028	0.012	0.951
0.978	0.005	0.001	0.016
0.057	0.042	0.900	0.001
0.019	0.001	0.942	0.038
0.077	0.005	0.909	0.009
0.001	0.065	0.001	0.933
0.016	0.002	0.009	0.973
0.001	0.005	0.020	0.974
0.968	0.002	0.001	0.029
0.009	0.005	0.947	0.039
