>AAAAAACCCTAAAC	14-AAAAAACCCTAAAC	11.073635	-527.335196	0	T:555.0(18.90%),B:1285.2(3.49%),P:1e-229
0.745	0.096	0.011	0.148
0.679	0.085	0.003	0.233
0.744	0.017	0.150	0.089
0.942	0.040	0.006	0.012
0.962	0.012	0.010	0.016
0.733	0.148	0.028	0.091
0.153	0.741	0.058	0.048
0.092	0.857	0.003	0.048
0.050	0.802	0.035	0.113
0.139	0.040	0.002	0.819
0.702	0.056	0.002	0.240
0.952	0.016	0.014	0.018
0.663	0.101	0.179	0.057
0.225	0.569	0.075	0.131
