>AATTTTTGCCAAAA	23-AATTTTTGCCAAAA,BestGuess:cad/dmmpmm(Down)/fly(0.637)	12.924691	-193.649626	0	T:369.0(12.57%),B:1431.8(3.89%),P:1e-84
0.817	0.103	0.022	0.058
0.789	0.058	0.009	0.144
0.266	0.084	0.025	0.625
0.055	0.014	0.015	0.916
0.076	0.019	0.014	0.891
0.067	0.022	0.045	0.866
0.040	0.038	0.313	0.609
0.134	0.045	0.710	0.111
0.153	0.523	0.168	0.156
0.282	0.635	0.038	0.045
0.840	0.094	0.038	0.028
0.922	0.017	0.021	0.040
0.931	0.017	0.015	0.037
0.926	0.010	0.020	0.044
