>TTTCGTGTGCTA	24-TTTCGTGTGCTA	11.216951	-166.753697	0	T:344.0(11.72%),B:1408.5(3.82%),P:1e-72
0.037	0.004	0.001	0.958
0.319	0.016	0.015	0.650
0.013	0.046	0.017	0.924
0.009	0.824	0.038	0.129
0.148	0.069	0.706	0.077
0.031	0.006	0.021	0.942
0.056	0.028	0.891	0.025
0.023	0.001	0.001	0.975
0.026	0.008	0.934	0.032
0.129	0.773	0.017	0.081
0.087	0.026	0.009	0.878
0.910	0.047	0.009	0.034
