>TTGGGGCRCRYT	4-ARYGYGCCCCAA	8.534787	-825.630236	0	T:900.0(30.65%),B:2289.9(6.22%),P:1e-358
0.007	0.397	0.029	0.567
0.004	0.243	0.014	0.739
0.061	0.025	0.693	0.221
0.093	0.040	0.715	0.152
0.032	0.001	0.966	0.001
0.150	0.024	0.825	0.001
0.099	0.751	0.047	0.103
0.434	0.013	0.486	0.067
0.016	0.557	0.186	0.241
0.423	0.004	0.493	0.080
0.012	0.458	0.001	0.529
0.016	0.001	0.073	0.910
