>CTGGCGCDCYGC	1-CTGGCGCDCYGC	7.781188	-1039.368908	0	T:954.0(32.49%),B:2008.0(5.45%),P:1e-451
0.023	0.560	0.127	0.290
0.109	0.017	0.250	0.624
0.035	0.001	0.963	0.001
0.016	0.044	0.918	0.022
0.014	0.648	0.263	0.075
0.102	0.133	0.725	0.040
0.006	0.937	0.011	0.046
0.248	0.093	0.389	0.269
0.245	0.475	0.169	0.111
0.020	0.509	0.023	0.448
0.114	0.090	0.773	0.023
0.096	0.550	0.278	0.076
