>AACCCTAAACCC	3-GGGTTTAGGGTT	10.314634	-885.209814	0	T:774.0(26.36%),B:1484.7(4.03%),P:1e-384
0.956	0.005	0.001	0.038
0.747	0.027	0.095	0.131
0.200	0.717	0.006	0.077
0.104	0.760	0.002	0.134
0.024	0.692	0.007	0.277
0.117	0.089	0.001	0.793
0.643	0.007	0.136	0.214
0.972	0.013	0.002	0.013
0.916	0.007	0.075	0.002
0.109	0.565	0.030	0.296
0.127	0.805	0.002	0.066
0.042	0.740	0.013	0.205
