>GGGTTTAGGGTT	3-GGGTTTAGGGTT,BestGuess:AT4G12670(MYBrelated)/col-AT4G12670-DAP-Seq(GSE60143)/Homer(0.876)	10.314634	-885.209814	0	T:774.0(26.36%),B:1484.7(4.03%),P:1e-384
0.205	0.013	0.740	0.042
0.066	0.002	0.805	0.127
0.296	0.030	0.565	0.109
0.002	0.075	0.007	0.916
0.013	0.002	0.013	0.972
0.214	0.136	0.007	0.643
0.793	0.001	0.089	0.117
0.277	0.007	0.692	0.024
0.134	0.002	0.760	0.104
0.077	0.006	0.717	0.200
0.131	0.095	0.027	0.747
0.038	0.001	0.005	0.956
