>TTACCTTGAATT	8-TTACCTTGAATT	11.128512	-631.081695	0	T:460.0(15.67%),B:649.8(1.76%),P:1e-274
0.177	0.118	0.031	0.674
0.238	0.152	0.017	0.593
0.602	0.043	0.025	0.330
0.019	0.861	0.019	0.101
0.006	0.962	0.014	0.018
0.025	0.006	0.005	0.964
0.049	0.069	0.001	0.881
0.055	0.022	0.899	0.024
0.954	0.005	0.018	0.023
0.862	0.008	0.099	0.031
0.018	0.011	0.005	0.966
0.022	0.174	0.022	0.782
