>KCCAGTTMACCC	17-KCCAGTTMACCC	8.630105	-434.648595	0	T:636.0(21.66%),B:2065.3(5.61%),P:1e-188
0.169	0.040	0.437	0.354
0.076	0.886	0.001	0.037
0.260	0.627	0.005	0.108
0.653	0.001	0.337	0.009
0.073	0.095	0.770	0.062
0.331	0.039	0.009	0.621
0.230	0.034	0.104	0.632
0.469	0.494	0.035	0.002
0.453	0.014	0.247	0.287
0.044	0.793	0.072	0.091
0.001	0.982	0.001	0.016
0.150	0.723	0.003	0.124
