>AATTCYAGAWCACC	19-GGTGWTCTRGAATT	12.108385	-280.621985	0	T:391.0(13.32%),B:1177.9(3.20%),P:1e-121
0.896	0.001	0.029	0.074
0.944	0.018	0.001	0.037
0.402	0.001	0.001	0.596
0.018	0.001	0.001	0.980
0.001	0.726	0.001	0.272
0.089	0.488	0.038	0.385
0.923	0.037	0.001	0.039
0.121	0.001	0.686	0.192
0.981	0.001	0.001	0.017
0.440	0.018	0.001	0.541
0.111	0.869	0.001	0.019
0.728	0.234	0.001	0.037
0.154	0.634	0.019	0.193
0.093	0.795	0.001	0.111
