>TCYTCYTCYTYYTC	25-TCYTCYTCYTYYTC,BestGuess:TF3A(C2H2)/col-TF3A-DAP-Seq(GSE60143)/Homer(0.731)	9.423387	-11.924284	0	T:447.0(15.22%),B:4596.6(12.48%),P:1e-5
0.029	0.052	0.013	0.906
0.016	0.767	0.016	0.201
0.092	0.477	0.019	0.412
0.042	0.246	0.012	0.700
0.010	0.732	0.012	0.246
0.045	0.535	0.018	0.402
0.170	0.052	0.003	0.775
0.066	0.800	0.009	0.125
0.028	0.517	0.023	0.432
0.015	0.137	0.008	0.840
0.010	0.552	0.016	0.422
0.032	0.395	0.056	0.517
0.065	0.031	0.010	0.894
0.013	0.802	0.010	0.175
