>ATTTTGBCAAAA	25-ATTTTGBCAAAA	9.959435	-153.283398	0	T:387.0(13.18%),B:1811.4(4.92%),P:1e-66
0.605	0.190	0.007	0.198
0.145	0.027	0.046	0.782
0.162	0.018	0.004	0.816
0.383	0.004	0.012	0.601
0.247	0.086	0.001	0.666
0.004	0.120	0.614	0.262
0.146	0.245	0.242	0.367
0.001	0.701	0.049	0.249
0.495	0.286	0.169	0.049
0.655	0.019	0.269	0.057
0.836	0.009	0.043	0.112
0.829	0.044	0.002	0.125
