>GTTTTAGGGTTT	18-GTTTTAGGGTTT	11.626885	-428.845865	0	T:457.0(15.57%),B:1058.8(2.87%),P:1e-186
0.035	0.005	0.590	0.370
0.220	0.043	0.163	0.574
0.023	0.111	0.024	0.842
0.063	0.022	0.012	0.903
0.087	0.025	0.017	0.871
0.940	0.001	0.034	0.025
0.045	0.014	0.898	0.043
0.015	0.005	0.956	0.024
0.093	0.026	0.777	0.104
0.010	0.106	0.074	0.810
0.008	0.001	0.017	0.974
0.077	0.035	0.025	0.863
