>GSCSGCBCTGGCGC	2-GSCSGCBCTGGCGC,BestGuess:E2FA/MA1414.1/Jaspar(0.752)	7.567103	-1075.972063	0	T:1229.0(41.86%),B:3484.2(9.46%),P:1e-467
0.119	0.040	0.730	0.111
0.112	0.392	0.494	0.002
0.076	0.747	0.031	0.146
0.048	0.323	0.467	0.162
0.245	0.167	0.475	0.113
0.007	0.532	0.253	0.208
0.019	0.335	0.288	0.358
0.001	0.600	0.078	0.321
0.053	0.092	0.162	0.693
0.016	0.001	0.982	0.001
0.013	0.080	0.902	0.005
0.013	0.664	0.292	0.031
0.026	0.177	0.780	0.017
0.001	0.805	0.182	0.012
