>WRGGTTTAGGGTTT	16-WRGGTTTAGGGTTT	12.032661	-518.545951	0	T:441.0(15.02%),B:773.7(2.10%),P:1e-225
0.517	0.012	0.062	0.409
0.363	0.012	0.508	0.117
0.132	0.049	0.714	0.105
0.199	0.043	0.632	0.126
0.032	0.074	0.096	0.798
0.008	0.021	0.007	0.964
0.245	0.009	0.030	0.716
0.670	0.002	0.088	0.240
0.173	0.004	0.773	0.050
0.103	0.001	0.835	0.061
0.107	0.037	0.693	0.163
0.056	0.046	0.052	0.846
0.017	0.032	0.003	0.948
0.093	0.001	0.039	0.867
