>GARRARGARGARGA	25-TCYTCYTCYTYYTC	9.423387	-11.924284	0	T:447.0(15.22%),B:4596.6(12.48%),P:1e-5
0.175	0.010	0.802	0.013
0.894	0.010	0.031	0.065
0.517	0.056	0.395	0.032
0.422	0.016	0.552	0.010
0.840	0.008	0.137	0.015
0.432	0.023	0.517	0.028
0.125	0.009	0.800	0.066
0.775	0.003	0.052	0.170
0.402	0.018	0.535	0.045
0.246	0.012	0.732	0.010
0.700	0.012	0.246	0.042
0.412	0.019	0.477	0.092
0.201	0.016	0.767	0.016
0.906	0.013	0.052	0.029
