>AWAGTCCATGGACT	22-AWAGTCCATGGACT,BestGuess:HNF4A/MA0114.4/Jaspar(0.659)	14.101080	-198.312884	0	T:308.0(10.49%),B:1011.8(2.75%),P:1e-86
0.969	0.009	0.001	0.021
0.506	0.011	0.001	0.482
0.924	0.001	0.006	0.069
0.060	0.001	0.801	0.138
0.001	0.027	0.001	0.971
0.091	0.840	0.048	0.021
0.086	0.748	0.018	0.148
0.764	0.001	0.225	0.010
0.001	0.190	0.001	0.808
0.199	0.009	0.755	0.037
0.073	0.009	0.786	0.132
0.952	0.046	0.001	0.001
0.091	0.843	0.014	0.052
0.017	0.001	0.001	0.981
