>TTAGGGTTTTTW	14-TTAGGGTTTTTW	11.644258	-531.128833	0	T:374.0(12.74%),B:494.6(1.34%),P:1e-230
0.030	0.072	0.012	0.886
0.207	0.009	0.019	0.765
0.665	0.004	0.179	0.152
0.204	0.012	0.719	0.065
0.052	0.004	0.832	0.112
0.058	0.003	0.770	0.169
0.037	0.118	0.221	0.624
0.001	0.023	0.022	0.954
0.011	0.008	0.040	0.941
0.100	0.079	0.010	0.811
0.276	0.001	0.065	0.658
0.386	0.018	0.093	0.503
