>GGCGCGCCRSSC	2-GGCGCGCCRSSC	8.985424	-1038.434281	0	T:759.0(25.85%),B:1130.6(3.07%),P:1e-450
0.015	0.005	0.975	0.005
0.092	0.112	0.629	0.167
0.007	0.779	0.197	0.017
0.028	0.015	0.955	0.002
0.008	0.936	0.026	0.030
0.014	0.061	0.903	0.022
0.042	0.747	0.170	0.041
0.056	0.785	0.079	0.080
0.370	0.064	0.420	0.146
0.041	0.478	0.447	0.033
0.058	0.530	0.386	0.026
0.102	0.853	0.040	0.005
