>GCGCCAGC	1-GCGCCAGC	7.265452	-943.652817	0	T:923.0(31.44%),B:2086.1(5.66%),P:1e-409	Tpos:247.6,Tstd:56.4,Bpos:253.0,Bstd:209.0,StrandBias:-0.1,Multiplicity:1.68
0.042	0.001	0.956	0.001
0.001	0.970	0.001	0.028
0.041	0.122	0.836	0.001
0.001	0.938	0.050	0.011
0.001	0.986	0.001	0.012
0.860	0.001	0.001	0.138
0.059	0.001	0.939	0.001
0.084	0.707	0.208	0.001
>GCGGCGCS	2-GCGGCGCS	6.629761	-813.552551	0	T:922.0(31.40%),B:2453.8(6.66%),P:1e-353	Tpos:249.0,Tstd:50.7,Bpos:254.5,Bstd:236.8,StrandBias:0.0,Multiplicity:2.02
0.037	0.342	0.566	0.055
0.113	0.427	0.216	0.244
0.082	0.219	0.673	0.026
0.093	0.130	0.703	0.074
0.071	0.750	0.084	0.095
0.023	0.016	0.950	0.011
0.043	0.863	0.035	0.059
0.035	0.421	0.476	0.068
>GCGCCCCA	3-GCGCCCCA	5.971525	-728.501780	0	T:1439.0(49.01%),B:6664.6(18.09%),P:1e-316	Tpos:249.7,Tstd:92.5,Bpos:251.0,Bstd:234.0,StrandBias:0.3,Multiplicity:1.61
0.168	0.095	0.675	0.062
0.108	0.758	0.048	0.086
0.013	0.050	0.907	0.030
0.009	0.664	0.143	0.184
0.022	0.746	0.222	0.010
0.062	0.789	0.048	0.101
0.047	0.868	0.064	0.021
0.593	0.099	0.120	0.188
>STTCAGAG	4-STTCAGAG	7.491888	-651.580135	0	T:1123.0(38.25%),B:4481.4(12.17%),P:1e-282	Tpos:250.3,Tstd:128.7,Bpos:254.4,Bstd:182.9,StrandBias:0.0,Multiplicity:1.33
0.046	0.460	0.395	0.099
0.001	0.040	0.070	0.889
0.021	0.274	0.128	0.577
0.234	0.540	0.001	0.225
0.957	0.001	0.001	0.041
0.001	0.001	0.765	0.233
0.904	0.050	0.045	0.001
0.064	0.028	0.907	0.001
>ATCCATAA	5-ATCCATAA	7.144970	-651.561752	0	T:1028.0(35.01%),B:3772.0(10.24%),P:1e-282	Tpos:244.4,Tstd:173.4,Bpos:251.4,Bstd:225.6,StrandBias:-0.1,Multiplicity:1.20
0.997	0.001	0.001	0.001
0.197	0.001	0.001	0.801
0.001	0.997	0.001	0.001
0.001	0.997	0.001	0.001
0.887	0.001	0.111	0.001
0.001	0.001	0.001	0.997
0.997	0.001	0.001	0.001
0.898	0.001	0.100	0.001
>CCTTGAAT	6-CCTTGAAT	8.236954	-583.091373	0	T:586.0(19.96%),B:1293.8(3.51%),P:1e-253	Tpos:242.0,Tstd:203.5,Bpos:251.1,Bstd:199.5,StrandBias:0.1,Multiplicity:1.46
0.100	0.700	0.100	0.100
0.100	0.700	0.100	0.100
0.100	0.100	0.100	0.700
0.100	0.100	0.100	0.700
0.100	0.100	0.700	0.100
0.700	0.100	0.100	0.100
0.700	0.100	0.100	0.100
0.100	0.100	0.100	0.700
>TCTAAACR	7-TCTAAACR	8.184414	-566.418179	0	T:889.0(30.28%),B:3178.1(8.63%),P:1e-245	Tpos:241.0,Tstd:154.2,Bpos:252.8,Bstd:221.9,StrandBias:-0.5,Multiplicity:1.36
0.001	0.260	0.065	0.674
0.093	0.853	0.053	0.001
0.001	0.118	0.053	0.828
0.546	0.063	0.001	0.390
0.956	0.042	0.001	0.001
0.956	0.001	0.001	0.042
0.001	0.812	0.130	0.057
0.373	0.048	0.397	0.182
>VCTCTMAG	8-VCTCTMAG	8.283142	-467.306934	0	T:646.0(22.00%),B:1997.5(5.42%),P:1e-202	Tpos:235.1,Tstd:140.9,Bpos:254.4,Bstd:207.5,StrandBias:-0.3,Multiplicity:1.29
0.349	0.392	0.258	0.001
0.113	0.732	0.001	0.154
0.001	0.267	0.001	0.731
0.001	0.919	0.001	0.079
0.001	0.001	0.001	0.997
0.476	0.392	0.132	0.001
0.919	0.079	0.001	0.001
0.126	0.001	0.872	0.001
>AAAACCCT	9-AAAACCCT	7.464561	-395.071479	0	T:1491.0(50.78%),B:9751.4(26.47%),P:1e-171	Tpos:258.2,Tstd:144.7,Bpos:253.8,Bstd:230.0,StrandBias:0.1,Multiplicity:2.13
0.880	0.001	0.001	0.118
0.997	0.001	0.001	0.001
0.997	0.001	0.001	0.001
0.667	0.185	0.027	0.121
0.061	0.890	0.001	0.048
0.001	0.997	0.001	0.001
0.001	0.997	0.001	0.001
0.146	0.186	0.001	0.667
>ACATMGGT	10-ACATMGGT	8.436206	-344.671203	0	T:387.0(13.18%),B:940.4(2.55%),P:1e-149	Tpos:245.9,Tstd:150.3,Bpos:260.2,Bstd:198.2,StrandBias:-0.4,Multiplicity:1.09
0.826	0.001	0.132	0.041
0.001	0.971	0.001	0.027
0.610	0.022	0.302	0.066
0.105	0.001	0.068	0.826
0.437	0.533	0.001	0.029
0.064	0.227	0.678	0.031
0.110	0.066	0.823	0.001
0.078	0.207	0.001	0.714
>GATTCTAA	11-GATTCTAA	8.150386	-341.565555	0	T:635.0(21.63%),B:2496.0(6.78%),P:1e-148	Tpos:253.7,Tstd:146.8,Bpos:253.2,Bstd:195.6,StrandBias:-0.2,Multiplicity:1.45
0.001	0.001	0.997	0.001
0.997	0.001	0.001	0.001
0.322	0.001	0.001	0.676
0.001	0.085	0.001	0.913
0.001	0.997	0.001	0.001
0.001	0.001	0.001	0.997
0.997	0.001	0.001	0.001
0.934	0.001	0.064	0.001
>TTAGGGTT	12-TTAGGGTT	8.548195	-329.669704	0	T:999.0(34.03%),B:5538.7(15.04%),P:1e-143	Tpos:255.4,Tstd:139.2,Bpos:250.5,Bstd:256.2,StrandBias:0.2,Multiplicity:2.89
0.001	0.001	0.001	0.997
0.116	0.037	0.001	0.846
0.997	0.001	0.001	0.001
0.233	0.030	0.736	0.001
0.201	0.001	0.797	0.001
0.051	0.001	0.947	0.001
0.064	0.265	0.001	0.670
0.001	0.001	0.001	0.997
>AGTTMGCC	13-AGTTMGCC	7.770830	-317.109636	0	T:578.0(19.69%),B:2222.8(6.03%),P:1e-137	Tpos:243.4,Tstd:124.4,Bpos:245.6,Bstd:221.6,StrandBias:0.7,Multiplicity:1.54
0.744	0.141	0.114	0.001
0.001	0.182	0.747	0.070
0.070	0.001	0.001	0.928
0.050	0.045	0.333	0.572
0.509	0.374	0.067	0.050
0.183	0.071	0.680	0.066
0.088	0.910	0.001	0.001
0.001	0.910	0.001	0.088
>GACATMAT	14-GACATMAT	7.740756	-268.031577	0	T:860.0(29.29%),B:4822.6(13.09%),P:1e-116	Tpos:246.9,Tstd:163.9,Bpos:248.9,Bstd:195.8,StrandBias:0.3,Multiplicity:1.35
0.104	0.001	0.894	0.001
0.617	0.157	0.001	0.225
0.228	0.490	0.282	0.001
0.894	0.001	0.104	0.001
0.157	0.001	0.225	0.617
0.489	0.509	0.001	0.001
0.997	0.001	0.001	0.001
0.001	0.001	0.001	0.997
>TTGTGTTT	15-TTGTGTTT	10.581304	-265.257217	0	T:515.0(17.54%),B:2057.8(5.59%),P:1e-115	Tpos:255.8,Tstd:158.2,Bpos:249.1,Bstd:207.5,StrandBias:0.3,Multiplicity:1.27
0.001	0.001	0.001	0.997
0.233	0.001	0.001	0.765
0.001	0.001	0.997	0.001
0.001	0.001	0.001	0.997
0.001	0.001	0.997	0.001
0.001	0.001	0.001	0.997
0.001	0.001	0.001	0.997
0.001	0.001	0.198	0.800
>AGTCCTTG	16-AGTCCTTG	3.621100	-257.493843	0	T:931.0(31.71%),B:5566.5(15.11%),P:1e-111	Tpos:254.1,Tstd:153.0,Bpos:247.9,Bstd:209.7,StrandBias:-0.2,Multiplicity:1.62
0.613	0.385	0.001	0.001
0.001	0.001	0.997	0.001
0.001	0.208	0.001	0.790
0.001	0.596	0.001	0.402
0.001	0.997	0.001	0.001
0.002	0.001	0.001	0.996
0.001	0.001	0.001	0.997
0.001	0.001	0.997	0.001
>TTTAGGTT	17-TTTAGGTT	9.390018	-256.697199	0	T:570.0(19.41%),B:2510.1(6.81%),P:1e-111	Tpos:250.2,Tstd:143.2,Bpos:255.6,Bstd:273.5,StrandBias:0.2,Multiplicity:3.57
0.001	0.001	0.001	0.997
0.060	0.001	0.001	0.938
0.266	0.001	0.001	0.732
0.997	0.001	0.001	0.001
0.001	0.001	0.997	0.001
0.001	0.001	0.997	0.001
0.270	0.001	0.001	0.728
0.001	0.001	0.001	0.997
>ATCGTATA	18-ATCGTATA	8.236954	-248.638602	0	T:178.0(6.06%),B:236.5(0.64%),P:1e-107	Tpos:259.5,Tstd:146.8,Bpos:243.3,Bstd:264.5,StrandBias:-0.2,Multiplicity:1.04
0.700	0.100	0.100	0.100
0.100	0.100	0.100	0.700
0.100	0.700	0.100	0.100
0.100	0.100	0.700	0.100
0.100	0.100	0.100	0.700
0.700	0.100	0.100	0.100
0.100	0.100	0.100	0.700
0.700	0.100	0.100	0.100
>AAACCCTA	19-AAACCCTA	8.236954	-232.879174	0	T:524.0(17.85%),B:2316.0(6.29%),P:1e-101	Tpos:244.5,Tstd:140.1,Bpos:248.3,Bstd:325.2,StrandBias:0.2,Multiplicity:11.65
0.700	0.100	0.100	0.100
0.700	0.100	0.100	0.100
0.700	0.100	0.100	0.100
0.100	0.700	0.100	0.100
0.100	0.700	0.100	0.100
0.100	0.700	0.100	0.100
0.100	0.100	0.100	0.700
0.700	0.100	0.100	0.100
>TTTTCGTG	20-TTTTCGTG	10.643890	-147.577091	0	T:403.0(13.73%),B:1977.5(5.37%),P:1e-64	Tpos:253.8,Tstd:136.6,Bpos:248.9,Bstd:233.4,StrandBias:1.0,Multiplicity:2.69
0.041	0.001	0.001	0.957
0.001	0.001	0.001	0.997
0.035	0.001	0.001	0.963
0.001	0.001	0.001	0.997
0.001	0.763	0.235	0.001
0.001	0.001	0.997	0.001
0.001	0.001	0.001	0.997
0.077	0.001	0.921	0.001
>TCAACAAC	21-TCAACAAC	10.835581	-134.064314	0	T:310.0(10.56%),B:1365.8(3.71%),P:1e-58	Tpos:253.7,Tstd:207.3,Bpos:243.8,Bstd:197.3,StrandBias:0.1,Multiplicity:1.57
0.001	0.125	0.001	0.873
0.001	0.997	0.001	0.001
0.997	0.001	0.001	0.001
0.997	0.001	0.001	0.001
0.001	0.904	0.094	0.001
0.997	0.001	0.001	0.001
0.997	0.001	0.001	0.001
0.001	0.997	0.001	0.001
>GGTGATCT	22-GGTGATCT	8.236954	-130.002131	0	T:335.0(11.41%),B:1580.2(4.29%),P:1e-56	Tpos:243.9,Tstd:140.6,Bpos:249.4,Bstd:213.4,StrandBias:0.8,Multiplicity:1.75
0.100	0.100	0.700	0.100
0.100	0.100	0.700	0.100
0.100	0.100	0.100	0.700
0.100	0.100	0.700	0.100
0.700	0.100	0.100	0.100
0.100	0.100	0.100	0.700
0.100	0.700	0.100	0.100
0.100	0.100	0.100	0.700
>TCNGACGT	23-TCNGACGT	6.650402	-122.386241	0	T:691.0(23.54%),B:4807.2(13.05%),P:1e-53	Tpos:251.6,Tstd:132.7,Bpos:249.1,Bstd:228.5,StrandBias:-0.5,Multiplicity:2.62
0.001	0.001	0.228	0.770
0.001	0.667	0.001	0.331
0.197	0.338	0.239	0.226
0.001	0.001	0.997	0.001
0.802	0.196	0.001	0.001
0.001	0.997	0.001	0.001
0.001	0.001	0.997	0.001
0.001	0.001	0.001	0.997
>GGYMAAAT	24-GGYMAAAT	8.689008	-113.805537	0	T:374.0(12.74%),B:2021.6(5.49%),P:1e-49	Tpos:249.0,Tstd:137.1,Bpos:250.3,Bstd:234.5,StrandBias:-0.7,Multiplicity:1.80
0.029	0.062	0.908	0.001
0.062	0.001	0.936	0.001
0.024	0.452	0.168	0.356
0.452	0.367	0.001	0.180
0.970	0.001	0.028	0.001
0.687	0.230	0.082	0.001
0.819	0.001	0.179	0.001
0.042	0.001	0.001	0.956
>AGGTCAAA	25-AGGTCAAA	8.236954	-98.416646	0	T:377.0(12.84%),B:2193.9(5.96%),P:1e-42	Tpos:252.1,Tstd:139.0,Bpos:255.2,Bstd:223.5,StrandBias:0.8,Multiplicity:2.01
0.700	0.100	0.100	0.100
0.100	0.100	0.700	0.100
0.100	0.100	0.700	0.100
0.100	0.100	0.100	0.700
0.100	0.700	0.100	0.100
0.700	0.100	0.100	0.100
0.700	0.100	0.100	0.100
0.700	0.100	0.100	0.100
