>CTGGCGCDCYGC	1-CTGGCGCDCYGC	7.781188	-1039.368908	0	T:954.0(32.49%),B:2008.0(5.45%),P:1e-451	Tpos:249.4,Tstd:66.6,Bpos:258.1,Bstd:222.3,StrandBias:0.0,Multiplicity:1.79
0.023	0.560	0.127	0.290
0.109	0.017	0.250	0.624
0.035	0.001	0.963	0.001
0.016	0.044	0.918	0.022
0.014	0.648	0.263	0.075
0.102	0.133	0.725	0.040
0.006	0.937	0.011	0.046
0.248	0.093	0.389	0.269
0.245	0.475	0.169	0.111
0.020	0.509	0.023	0.448
0.114	0.090	0.773	0.023
0.096	0.550	0.278	0.076
>GGCGCGCCRSSC	2-GGCGCGCCRSSC	8.985424	-1038.434281	0	T:759.0(25.85%),B:1130.6(3.07%),P:1e-450	Tpos:249.9,Tstd:40.4,Bpos:241.6,Bstd:229.2,StrandBias:0.0,Multiplicity:1.69
0.015	0.005	0.975	0.005
0.092	0.112	0.629	0.167
0.007	0.779	0.197	0.017
0.028	0.015	0.955	0.002
0.008	0.936	0.026	0.030
0.014	0.061	0.903	0.022
0.042	0.747	0.170	0.041
0.056	0.785	0.079	0.080
0.370	0.064	0.420	0.146
0.041	0.478	0.447	0.033
0.058	0.530	0.386	0.026
0.102	0.853	0.040	0.005
>GGGTTTAGGGTT	3-GGGTTTAGGGTT	10.314634	-885.209814	0	T:774.0(26.36%),B:1484.7(4.03%),P:1e-384	Tpos:247.1,Tstd:150.8,Bpos:236.6,Bstd:286.1,StrandBias:-0.1,Multiplicity:1.64
0.205	0.013	0.740	0.042
0.066	0.002	0.805	0.127
0.296	0.030	0.565	0.109
0.002	0.075	0.007	0.916
0.013	0.002	0.013	0.972
0.214	0.136	0.007	0.643
0.793	0.001	0.089	0.117
0.277	0.007	0.692	0.024
0.134	0.002	0.760	0.104
0.077	0.006	0.717	0.200
0.131	0.095	0.027	0.747
0.038	0.001	0.005	0.956
>ARYGYGCCCCAA	4-ARYGYGCCCCAA	8.534787	-825.630236	0	T:900.0(30.65%),B:2289.9(6.22%),P:1e-358	Tpos:251.8,Tstd:102.9,Bpos:246.0,Bstd:228.1,StrandBias:0.2,Multiplicity:1.33
0.910	0.073	0.001	0.016
0.529	0.001	0.458	0.012
0.080	0.493	0.004	0.423
0.241	0.186	0.557	0.016
0.067	0.486	0.013	0.434
0.103	0.047	0.751	0.099
0.001	0.825	0.024	0.150
0.001	0.966	0.001	0.032
0.152	0.715	0.040	0.093
0.221	0.693	0.025	0.061
0.739	0.014	0.243	0.004
0.567	0.029	0.397	0.007
>GAAATCATCCAT	5-GAAATCATCCAT	10.729015	-812.899410	0	T:491.0(16.72%),B:511.1(1.39%),P:1e-353	Tpos:233.5,Tstd:191.2,Bpos:260.2,Bstd:215.7,StrandBias:-0.3,Multiplicity:1.01
0.023	0.011	0.920	0.046
0.958	0.013	0.016	0.013
0.881	0.001	0.058	0.060
0.627	0.292	0.006	0.075
0.006	0.017	0.006	0.971
0.043	0.884	0.006	0.067
0.940	0.020	0.017	0.023
0.011	0.020	0.006	0.963
0.006	0.760	0.021	0.213
0.117	0.703	0.046	0.134
0.728	0.013	0.245	0.014
0.099	0.066	0.165	0.670
>ACTCTAAAGTAC	6-ACTCTAAAGTAC	10.284564	-803.305414	0	T:593.0(20.20%),B:871.2(2.37%),P:1e-348	Tpos:237.8,Tstd:154.1,Bpos:246.2,Bstd:207.8,StrandBias:-0.2,Multiplicity:1.28
0.975	0.001	0.023	0.001
0.003	0.971	0.001	0.025
0.009	0.021	0.001	0.969
0.001	0.959	0.004	0.036
0.217	0.026	0.155	0.602
0.717	0.006	0.224	0.053
0.993	0.001	0.001	0.005
0.723	0.001	0.250	0.026
0.081	0.230	0.480	0.210
0.187	0.238	0.096	0.479
0.735	0.230	0.027	0.008
0.001	0.877	0.001	0.121
>TGTACHTATGTT	7-TGTACHTATGTT	10.951291	-690.098801	0	T:474.0(16.14%),B:611.7(1.66%),P:1e-299	Tpos:251.8,Tstd:156.7,Bpos:255.3,Bstd:214.1,StrandBias:-0.1,Multiplicity:1.00
0.001	0.082	0.001	0.916
0.083	0.001	0.832	0.084
0.001	0.001	0.032	0.966
0.975	0.001	0.023	0.001
0.193	0.805	0.001	0.001
0.371	0.379	0.001	0.249
0.001	0.140	0.001	0.858
0.667	0.001	0.331	0.001
0.001	0.137	0.248	0.614
0.254	0.001	0.744	0.001
0.001	0.001	0.001	0.997
0.001	0.062	0.001	0.936
>TTACCTTGAATT	8-TTACCTTGAATT	11.128512	-631.081695	0	T:460.0(15.67%),B:649.8(1.76%),P:1e-274	Tpos:243.2,Tstd:203.7,Bpos:250.8,Bstd:209.4,StrandBias:0.2,Multiplicity:1.24
0.177	0.118	0.031	0.674
0.238	0.152	0.017	0.593
0.602	0.043	0.025	0.330
0.019	0.861	0.019	0.101
0.006	0.962	0.014	0.018
0.025	0.006	0.005	0.964
0.049	0.069	0.001	0.881
0.055	0.022	0.899	0.024
0.954	0.005	0.018	0.023
0.862	0.008	0.099	0.031
0.018	0.011	0.005	0.966
0.022	0.174	0.022	0.782
>STTAGAATCAAW	9-STTAGAATCAAW	9.811884	-621.538373	0	T:568.0(19.35%),B:1114.8(3.03%),P:1e-269	Tpos:249.8,Tstd:147.8,Bpos:251.9,Bstd:204.1,StrandBias:0.3,Multiplicity:1.31
0.085	0.373	0.407	0.134
0.001	0.001	0.001	0.997
0.001	0.001	0.001	0.997
0.822	0.001	0.176	0.001
0.018	0.001	0.980	0.001
0.659	0.001	0.339	0.001
0.755	0.001	0.001	0.243
0.187	0.001	0.001	0.811
0.001	0.997	0.001	0.001
0.816	0.001	0.182	0.001
0.851	0.001	0.121	0.027
0.305	0.242	0.001	0.452
>TTTAGGGTTTWK	10-TTTAGGGTTTWK	13.511665	-601.959297	0	T:448.0(15.26%),B:651.7(1.77%),P:1e-261	Tpos:244.3,Tstd:138.7,Bpos:258.3,Bstd:341.9,StrandBias:-0.7,Multiplicity:7.00
0.001	0.415	0.001	0.583
0.130	0.001	0.001	0.868
0.001	0.001	0.001	0.997
0.997	0.001	0.001	0.001
0.112	0.001	0.886	0.001
0.185	0.001	0.813	0.001
0.001	0.001	0.997	0.001
0.054	0.194	0.001	0.751
0.001	0.001	0.001	0.997
0.001	0.001	0.001	0.997
0.471	0.205	0.001	0.323
0.001	0.001	0.493	0.505
>TAGGGTTTTTTA	11-TAGGGTTTTTTA	10.966549	-557.495990	0	T:416.0(14.17%),B:604.8(1.64%),P:1e-242	Tpos:252.0,Tstd:147.9,Bpos:272.3,Bstd:297.9,StrandBias:0.2,Multiplicity:1.81
0.010	0.005	0.014	0.971
0.792	0.015	0.010	0.183
0.036	0.007	0.912	0.045
0.082	0.010	0.789	0.119
0.134	0.009	0.793	0.064
0.091	0.140	0.082	0.687
0.022	0.005	0.031	0.942
0.007	0.017	0.036	0.940
0.015	0.155	0.011	0.819
0.259	0.007	0.042	0.692
0.098	0.008	0.035	0.859
0.807	0.022	0.062	0.109
>CSYCWAAACGTC	12-CSYCWAAACGTC	10.097077	-545.847218	0	T:773.0(26.33%),B:2488.7(6.76%),P:1e-237	Tpos:245.4,Tstd:136.7,Bpos:248.8,Bstd:231.9,StrandBias:0.0,Multiplicity:2.35
0.104	0.507	0.255	0.134
0.233	0.356	0.411	0.001
0.021	0.528	0.001	0.450
0.001	0.723	0.001	0.275
0.558	0.001	0.001	0.440
0.997	0.001	0.001	0.001
0.997	0.001	0.001	0.001
0.997	0.001	0.001	0.001
0.265	0.452	0.001	0.282
0.232	0.001	0.459	0.309
0.001	0.001	0.001	0.997
0.001	0.997	0.001	0.001
>GGTTTAGGGTTT	13-GGTTTAGGGTTT	12.256275	-543.479097	0	T:439.0(14.95%),B:717.2(1.95%),P:1e-236	Tpos:250.3,Tstd:137.6,Bpos:256.9,Bstd:329.5,StrandBias:0.3,Multiplicity:2.52
0.070	0.008	0.853	0.069
0.159	0.031	0.744	0.066
0.051	0.134	0.040	0.775
0.013	0.018	0.014	0.955
0.154	0.023	0.011	0.812
0.808	0.021	0.020	0.151
0.115	0.011	0.853	0.021
0.107	0.008	0.789	0.096
0.091	0.024	0.816	0.069
0.085	0.161	0.027	0.727
0.008	0.020	0.006	0.966
0.022	0.029	0.047	0.902
>TTAGGGTTTTTW	14-TTAGGGTTTTTW	11.644258	-531.128833	0	T:374.0(12.74%),B:494.6(1.34%),P:1e-230	Tpos:248.2,Tstd:144.8,Bpos:242.5,Bstd:285.9,StrandBias:0.2,Multiplicity:1.76
0.030	0.072	0.012	0.886
0.207	0.009	0.019	0.765
0.665	0.004	0.179	0.152
0.204	0.012	0.719	0.065
0.052	0.004	0.832	0.112
0.058	0.003	0.770	0.169
0.037	0.118	0.221	0.624
0.001	0.023	0.022	0.954
0.011	0.008	0.040	0.941
0.100	0.079	0.010	0.811
0.276	0.001	0.065	0.658
0.386	0.018	0.093	0.503
>GTTTAGGGTTTW	15-GTTTAGGGTTTW	12.157729	-516.019600	0	T:429.0(14.61%),B:728.7(1.98%),P:1e-224	Tpos:251.2,Tstd:139.6,Bpos:246.0,Bstd:342.3,StrandBias:0.2,Multiplicity:2.67
0.180	0.001	0.486	0.332
0.001	0.272	0.073	0.654
0.001	0.001	0.001	0.997
0.050	0.001	0.001	0.948
0.769	0.001	0.001	0.229
0.385	0.046	0.568	0.001
0.100	0.001	0.898	0.001
0.027	0.001	0.927	0.045
0.138	0.179	0.121	0.562
0.001	0.001	0.001	0.997
0.001	0.001	0.001	0.997
0.402	0.128	0.006	0.463
>MGAVCACGAAAA	16-MGAVCACGAAAA	9.258413	-450.522223	0	T:758.0(25.82%),B:2809.9(7.63%),P:1e-195	Tpos:252.8,Tstd:137.3,Bpos:249.0,Bstd:227.7,StrandBias:-0.6,Multiplicity:2.48
0.472	0.522	0.001	0.005
0.256	0.006	0.630	0.108
0.548	0.063	0.001	0.388
0.240	0.381	0.277	0.102
0.038	0.677	0.043	0.242
0.982	0.002	0.003	0.013
0.022	0.891	0.054	0.033
0.181	0.067	0.700	0.052
0.987	0.001	0.006	0.006
0.976	0.001	0.018	0.005
0.985	0.003	0.009	0.003
0.992	0.001	0.001	0.006
>KCCAGTTMACCC	17-KCCAGTTMACCC	8.630105	-434.648595	0	T:636.0(21.66%),B:2065.3(5.61%),P:1e-188	Tpos:247.8,Tstd:128.1,Bpos:246.3,Bstd:230.2,StrandBias:0.7,Multiplicity:2.19
0.169	0.040	0.437	0.354
0.076	0.886	0.001	0.037
0.260	0.627	0.005	0.108
0.653	0.001	0.337	0.009
0.073	0.095	0.770	0.062
0.331	0.039	0.009	0.621
0.230	0.034	0.104	0.632
0.469	0.494	0.035	0.002
0.453	0.014	0.247	0.287
0.044	0.793	0.072	0.091
0.001	0.982	0.001	0.016
0.150	0.723	0.003	0.124
>GTTTTAGGGTTT	18-GTTTTAGGGTTT	11.626885	-428.845865	0	T:457.0(15.57%),B:1058.8(2.87%),P:1e-186	Tpos:254.0,Tstd:140.2,Bpos:238.0,Bstd:277.3,StrandBias:0.5,Multiplicity:1.98
0.035	0.005	0.590	0.370
0.220	0.043	0.163	0.574
0.023	0.111	0.024	0.842
0.063	0.022	0.012	0.903
0.087	0.025	0.017	0.871
0.940	0.001	0.034	0.025
0.045	0.014	0.898	0.043
0.015	0.005	0.956	0.024
0.093	0.026	0.777	0.104
0.010	0.106	0.074	0.810
0.008	0.001	0.017	0.974
0.077	0.035	0.025	0.863
>GTTWAGGGTTTW	19-GTTWAGGGTTTW	8.864858	-392.940557	0	T:1068.0(36.38%),B:5646.1(15.33%),P:1e-170	Tpos:252.1,Tstd:141.7,Bpos:252.7,Bstd:241.3,StrandBias:0.4,Multiplicity:2.09
0.093	0.027	0.612	0.268
0.001	0.271	0.001	0.727
0.001	0.001	0.001	0.997
0.420	0.001	0.014	0.565
0.863	0.001	0.083	0.053
0.001	0.001	0.997	0.001
0.309	0.001	0.637	0.053
0.106	0.112	0.650	0.132
0.001	0.212	0.001	0.786
0.001	0.058	0.001	0.940
0.170	0.001	0.001	0.828
0.462	0.040	0.001	0.497
>AACTTCAASAAC	20-AACTTCAASAAC	8.500463	-386.742646	0	T:420.0(14.31%),B:989.0(2.68%),P:1e-167	Tpos:262.7,Tstd:210.0,Bpos:245.7,Bstd:218.1,StrandBias:0.2,Multiplicity:1.43
0.992	0.001	0.006	0.001
0.997	0.001	0.001	0.001
0.001	0.864	0.001	0.134
0.006	0.297	0.001	0.696
0.001	0.005	0.001	0.993
0.001	0.997	0.001	0.001
0.997	0.001	0.001	0.001
0.997	0.001	0.001	0.001
0.001	0.453	0.545	0.001
0.997	0.001	0.001	0.001
0.997	0.001	0.001	0.001
0.129	0.868	0.001	0.002
>TTAGGGTTTAGG	21-TTAGGGTTTAGG	9.653253	-375.362163	0	T:554.0(18.87%),B:1792.3(4.87%),P:1e-163	Tpos:251.6,Tstd:141.8,Bpos:254.6,Bstd:295.5,StrandBias:0.2,Multiplicity:1.94
0.107	0.010	0.049	0.834
0.116	0.018	0.055	0.811
0.779	0.028	0.060	0.133
0.146	0.064	0.741	0.049
0.190	0.042	0.642	0.126
0.140	0.011	0.766	0.083
0.031	0.151	0.072	0.746
0.041	0.011	0.083	0.865
0.142	0.022	0.024	0.812
0.683	0.011	0.116	0.190
0.145	0.042	0.712	0.101
0.220	0.048	0.608	0.124
>SGSCGACGBCGG	22-SGSCGACGBCGG	8.451864	-201.230705	0	T:231.0(7.87%),B:565.8(1.54%),P:1e-87	Tpos:250.0,Tstd:93.0,Bpos:247.9,Bstd:246.3,StrandBias:-0.4,Multiplicity:1.70
0.236	0.429	0.304	0.031
0.118	0.009	0.835	0.038
0.192	0.401	0.330	0.076
0.001	0.962	0.009	0.028
0.066	0.006	0.927	0.001
0.432	0.140	0.195	0.232
0.095	0.777	0.091	0.037
0.057	0.028	0.914	0.001
0.143	0.323	0.285	0.249
0.001	0.954	0.017	0.028
0.114	0.072	0.668	0.146
0.280	0.201	0.448	0.071
>ATGCGBGCAGGC	23-ATGCGBGCAGGC	9.337533	-180.351373	0	T:172.0(5.86%),B:339.9(0.92%),P:1e-78	Tpos:246.7,Tstd:127.4,Bpos:238.4,Bstd:231.2,StrandBias:3.0,Multiplicity:3.51
0.758	0.027	0.150	0.065
0.066	0.018	0.046	0.870
0.059	0.030	0.871	0.040
0.053	0.496	0.196	0.254
0.097	0.064	0.764	0.075
0.045	0.376	0.279	0.300
0.110	0.162	0.690	0.038
0.067	0.821	0.032	0.080
0.899	0.029	0.037	0.035
0.116	0.057	0.729	0.098
0.059	0.025	0.862	0.054
0.033	0.867	0.047	0.053
>TTTCGTGTGCTA	24-TTTCGTGTGCTA	11.216951	-166.753697	0	T:344.0(11.72%),B:1408.5(3.82%),P:1e-72	Tpos:247.8,Tstd:140.9,Bpos:245.3,Bstd:234.7,StrandBias:0.5,Multiplicity:1.28
0.037	0.004	0.001	0.958
0.319	0.016	0.015	0.650
0.013	0.046	0.017	0.924
0.009	0.824	0.038	0.129
0.148	0.069	0.706	0.077
0.031	0.006	0.021	0.942
0.056	0.028	0.891	0.025
0.023	0.001	0.001	0.975
0.026	0.008	0.934	0.032
0.129	0.773	0.017	0.081
0.087	0.026	0.009	0.878
0.910	0.047	0.009	0.034
>ATTTTGBCAAAA	25-ATTTTGBCAAAA	9.959435	-153.283398	0	T:387.0(13.18%),B:1811.4(4.92%),P:1e-66	Tpos:254.7,Tstd:138.1,Bpos:247.5,Bstd:228.8,StrandBias:-0.4,Multiplicity:1.98
0.605	0.190	0.007	0.198
0.145	0.027	0.046	0.782
0.162	0.018	0.004	0.816
0.383	0.004	0.012	0.601
0.247	0.086	0.001	0.666
0.004	0.120	0.614	0.262
0.146	0.245	0.242	0.367
0.001	0.701	0.049	0.249
0.495	0.286	0.169	0.049
0.655	0.019	0.269	0.057
0.836	0.009	0.043	0.112
0.829	0.044	0.002	0.125
