>TGGCGCGCYG	1-TGGCGCGCYG	8.635625	-1002.510945	0	T:807.0(27.49%),B:1393.6(3.78%),P:1e-435	Tpos:249.9,Tstd:65.4,Bpos:251.9,Bstd:224.1,StrandBias:0.0,Multiplicity:1.77
0.136	0.001	0.237	0.626
0.001	0.001	0.997	0.001
0.001	0.028	0.970	0.001
0.004	0.776	0.160	0.060
0.096	0.033	0.860	0.011
0.018	0.933	0.007	0.042
0.140	0.083	0.512	0.265
0.111	0.650	0.047	0.192
0.001	0.494	0.001	0.504
0.018	0.001	0.980	0.001
>GCGCGCCRSC	2-GCGCGCCRSC	7.861907	-873.432197	0	T:817.0(27.83%),B:1718.8(4.67%),P:1e-379	Tpos:249.0,Tstd:44.0,Bpos:249.2,Bstd:235.6,StrandBias:-0.1,Multiplicity:2.27
0.121	0.093	0.695	0.091
0.035	0.839	0.067	0.059
0.024	0.033	0.942	0.001
0.004	0.960	0.020	0.016
0.005	0.319	0.675	0.001
0.124	0.715	0.160	0.001
0.001	0.996	0.001	0.002
0.388	0.147	0.331	0.134
0.115	0.513	0.371	0.001
0.218	0.544	0.225	0.013
>CTTAGRWACA	3-CTTAGRWACA	9.804891	-775.511425	0	T:725.0(24.69%),B:1500.7(4.07%),P:1e-336	Tpos:245.0,Tstd:148.6,Bpos:253.2,Bstd:217.8,StrandBias:0.2,Multiplicity:1.68
0.001	0.958	0.001	0.040
0.341	0.001	0.001	0.657
0.385	0.001	0.001	0.613
0.780	0.001	0.127	0.092
0.193	0.007	0.799	0.001
0.434	0.001	0.563	0.002
0.522	0.001	0.001	0.476
0.597	0.001	0.001	0.401
0.001	0.997	0.001	0.001
0.974	0.001	0.001	0.024
>CCWAAAMKTC	4-CCWAAAMKTC	8.968087	-754.376199	0	T:1127.0(38.39%),B:4020.4(10.91%),P:1e-327	Tpos:244.6,Tstd:144.0,Bpos:251.4,Bstd:223.0,StrandBias:-0.0,Multiplicity:2.05
0.001	0.735	0.016	0.248
0.039	0.845	0.001	0.115
0.443	0.020	0.027	0.510
0.758	0.043	0.007	0.192
0.997	0.001	0.001	0.001
0.863	0.079	0.057	0.001
0.490	0.508	0.001	0.001
0.246	0.001	0.305	0.448
0.001	0.001	0.001	0.997
0.072	0.926	0.001	0.001
>CCTTGAATTC	5-CCTTGAATTC	11.145746	-713.668362	0	T:538.0(18.32%),B:808.7(2.20%),P:1e-309	Tpos:241.5,Tstd:205.4,Bpos:253.4,Bstd:206.4,StrandBias:0.1,Multiplicity:1.44
0.009	0.957	0.001	0.033
0.001	0.997	0.001	0.001
0.001	0.001	0.001	0.997
0.001	0.001	0.001	0.997
0.001	0.001	0.997	0.001
0.997	0.001	0.001	0.001
0.997	0.001	0.001	0.001
0.001	0.001	0.001	0.997
0.003	0.383	0.001	0.613
0.017	0.581	0.115	0.287
>GCCTGTNCKC	6-GCCTGTNCKC	7.749969	-683.009239	0	T:814.0(27.72%),B:2240.3(6.08%),P:1e-296	Tpos:248.2,Tstd:119.9,Bpos:245.1,Bstd:233.5,StrandBias:-0.1,Multiplicity:1.53
0.053	0.001	0.862	0.084
0.001	0.997	0.001	0.001
0.098	0.848	0.004	0.050
0.285	0.001	0.266	0.448
0.201	0.001	0.797	0.001
0.001	0.375	0.052	0.572
0.280	0.181	0.231	0.308
0.234	0.764	0.001	0.001
0.262	0.001	0.435	0.302
0.095	0.854	0.001	0.050
>GCCGGCGCCG	7-GCCGGCGCCG	5.551688	-625.889894	0	T:1145.0(39.00%),B:4789.4(13.00%),P:1e-271	Tpos:250.2,Tstd:83.4,Bpos:254.3,Bstd:243.9,StrandBias:0.2,Multiplicity:2.07
0.076	0.108	0.766	0.050
0.076	0.718	0.146	0.060
0.120	0.692	0.069	0.119
0.124	0.099	0.719	0.058
0.139	0.137	0.637	0.087
0.045	0.703	0.152	0.100
0.067	0.175	0.710	0.048
0.143	0.639	0.086	0.132
0.073	0.741	0.123	0.063
0.083	0.155	0.675	0.087
>GTTWAGRGYT	8-GTTWAGRGYT	6.828515	-576.350614	0	T:1885.0(64.20%),B:12365.1(33.57%),P:1e-250	Tpos:248.4,Tstd:148.1,Bpos:249.6,Bstd:221.4,StrandBias:-0.0,Multiplicity:1.86
0.033	0.134	0.633	0.200
0.032	0.228	0.051	0.689
0.017	0.124	0.016	0.843
0.476	0.033	0.117	0.374
0.827	0.001	0.100	0.072
0.015	0.001	0.979	0.005
0.407	0.001	0.542	0.050
0.156	0.062	0.560	0.222
0.103	0.382	0.022	0.493
0.011	0.120	0.018	0.851
>GTTTTTTAGG	9-GTTTTTTAGG	11.498397	-559.564825	0	T:284.0(9.67%),B:205.0(0.56%),P:1e-243	Tpos:241.8,Tstd:143.4,Bpos:263.8,Bstd:352.1,StrandBias:0.2,Multiplicity:1.64
0.010	0.001	0.958	0.031
0.092	0.020	0.338	0.550
0.028	0.001	0.163	0.808
0.026	0.008	0.001	0.965
0.001	0.154	0.006	0.839
0.128	0.101	0.009	0.762
0.117	0.001	0.007	0.875
0.697	0.026	0.150	0.127
0.243	0.027	0.676	0.054
0.009	0.005	0.868	0.118
>TAAACCCTAA	10-TAAACCCTAA	13.167893	-526.710028	0	T:433.0(14.75%),B:724.4(1.97%),P:1e-228	Tpos:245.4,Tstd:139.0,Bpos:254.0,Bstd:345.0,StrandBias:0.6,Multiplicity:7.57
0.329	0.001	0.143	0.527
0.997	0.001	0.001	0.001
0.997	0.001	0.001	0.001
0.997	0.001	0.001	0.001
0.001	0.997	0.001	0.001
0.028	0.970	0.001	0.001
0.001	0.997	0.001	0.001
0.001	0.001	0.001	0.997
0.997	0.001	0.001	0.001
0.997	0.001	0.001	0.001
>GTTTAGGGTT	11-GTTTAGGGTT	8.560350	-518.978337	0	T:981.0(33.41%),B:4094.6(11.12%),P:1e-225	Tpos:249.8,Tstd:148.6,Bpos:249.4,Bstd:263.4,StrandBias:0.0,Multiplicity:2.44
0.085	0.014	0.673	0.228
0.036	0.128	0.011	0.825
0.015	0.007	0.003	0.975
0.170	0.016	0.050	0.764
0.798	0.033	0.045	0.124
0.090	0.045	0.718	0.147
0.125	0.005	0.789	0.081
0.076	0.018	0.771	0.135
0.181	0.050	0.013	0.756
0.039	0.023	0.006	0.932
>TTTAGGGYTT	12-TTTAGGGYTT	12.200565	-463.006786	0	T:342.0(11.65%),B:484.4(1.32%),P:1e-201	Tpos:253.7,Tstd:135.1,Bpos:261.9,Bstd:302.1,StrandBias:0.4,Multiplicity:2.27
0.001	0.202	0.078	0.719
0.139	0.001	0.001	0.859
0.001	0.001	0.001	0.997
0.983	0.015	0.001	0.001
0.078	0.019	0.902	0.001
0.150	0.001	0.833	0.016
0.014	0.046	0.921	0.019
0.001	0.535	0.016	0.448
0.001	0.001	0.149	0.849
0.001	0.001	0.001	0.997
>TAGGGTTTAG	13-TAGGGTTTAG	9.213775	-459.366810	0	T:619.0(21.08%),B:1862.4(5.06%),P:1e-199	Tpos:250.3,Tstd:141.0,Bpos:251.3,Bstd:306.6,StrandBias:0.2,Multiplicity:2.52
0.121	0.012	0.073	0.794
0.862	0.011	0.046	0.081
0.149	0.074	0.723	0.054
0.138	0.028	0.763	0.071
0.228	0.001	0.732	0.039
0.033	0.130	0.003	0.834
0.013	0.023	0.016	0.948
0.159	0.011	0.003	0.827
0.769	0.080	0.055	0.096
0.075	0.039	0.749	0.137
>TTTCGTGTAC	14-TTTCGTGTAC	7.015494	-450.556613	0	T:1143.0(38.93%),B:5879.0(15.96%),P:1e-195	Tpos:253.0,Tstd:143.9,Bpos:249.0,Bstd:214.5,StrandBias:0.5,Multiplicity:1.88
0.118	0.034	0.056	0.792
0.128	0.112	0.062	0.698
0.085	0.012	0.128	0.775
0.241	0.495	0.078	0.186
0.039	0.079	0.790	0.092
0.217	0.020	0.092	0.671
0.033	0.040	0.838	0.089
0.059	0.121	0.034	0.786
0.585	0.046	0.070	0.299
0.075	0.567	0.182	0.176
>TAGAATCRAT	15-TAGAATCRAT	9.792818	-442.470039	0	T:351.0(11.96%),B:552.1(1.50%),P:1e-192	Tpos:246.9,Tstd:138.7,Bpos:256.5,Bstd:190.1,StrandBias:0.4,Multiplicity:1.14
0.001	0.015	0.001	0.983
0.997	0.001	0.001	0.001
0.001	0.001	0.985	0.013
0.997	0.001	0.001	0.001
0.947	0.001	0.001	0.051
0.012	0.001	0.001	0.986
0.001	0.969	0.001	0.029
0.460	0.001	0.478	0.061
0.997	0.001	0.001	0.001
0.183	0.052	0.001	0.764
>AAAACCYTAA	16-AAAACCYTAA	11.657548	-440.377604	0	T:445.0(15.16%),B:969.0(2.63%),P:1e-191	Tpos:243.8,Tstd:142.3,Bpos:241.0,Bstd:291.7,StrandBias:-0.3,Multiplicity:2.71
0.720	0.001	0.001	0.278
0.997	0.001	0.001	0.001
0.997	0.001	0.001	0.001
0.667	0.172	0.001	0.160
0.044	0.954	0.001	0.001
0.001	0.997	0.001	0.001
0.001	0.435	0.001	0.563
0.389	0.001	0.001	0.609
0.919	0.001	0.001	0.079
0.997	0.001	0.001	0.001
>AAACCCTTAA	17-AAACCCTTAA	11.330611	-434.242731	0	T:437.0(14.88%),B:945.5(2.57%),P:1e-188	Tpos:250.7,Tstd:135.4,Bpos:247.1,Bstd:287.0,StrandBias:-0.2,Multiplicity:1.93
0.833	0.001	0.001	0.165
0.997	0.001	0.001	0.001
0.752	0.001	0.001	0.246
0.256	0.742	0.001	0.001
0.001	0.997	0.001	0.001
0.001	0.997	0.001	0.001
0.001	0.329	0.001	0.669
0.246	0.001	0.001	0.752
0.997	0.001	0.001	0.001
0.997	0.001	0.001	0.001
>ACATGAATCA	18-ACATGAATCA	10.938375	-423.059595	0	T:259.0(8.82%),B:267.6(0.73%),P:1e-183	Tpos:259.6,Tstd:175.9,Bpos:246.7,Bstd:175.7,StrandBias:-0.2,Multiplicity:1.06
0.997	0.001	0.001	0.001
0.001	0.997	0.001	0.001
0.997	0.001	0.001	0.001
0.001	0.062	0.001	0.936
0.001	0.001	0.997	0.001
0.997	0.001	0.001	0.001
0.997	0.001	0.001	0.001
0.001	0.001	0.001	0.997
0.001	0.997	0.001	0.001
0.887	0.001	0.001	0.111
>AGTGTTGGAA	19-AGTGTTGGAA	10.862192	-408.285542	0	T:279.0(9.50%),B:347.5(0.94%),P:1e-177	Tpos:242.7,Tstd:161.6,Bpos:249.1,Bstd:197.3,StrandBias:0.2,Multiplicity:1.00
0.997	0.001	0.001	0.001
0.001	0.001	0.997	0.001
0.001	0.001	0.001	0.997
0.001	0.001	0.997	0.001
0.001	0.001	0.001	0.997
0.001	0.001	0.001	0.997
0.260	0.001	0.738	0.001
0.001	0.001	0.997	0.001
0.802	0.001	0.001	0.196
0.997	0.001	0.001	0.001
>ATGATCTCAT	20-ATGATCTCAT	8.674665	-358.974297	0	T:295.0(10.05%),B:484.0(1.31%),P:1e-155	Tpos:251.0,Tstd:210.2,Bpos:263.8,Bstd:198.5,StrandBias:-0.0,Multiplicity:1.00
0.734	0.001	0.001	0.264
0.001	0.011	0.001	0.987
0.001	0.001	0.997	0.001
0.997	0.001	0.001	0.001
0.001	0.001	0.001	0.997
0.001	0.997	0.001	0.001
0.292	0.001	0.001	0.706
0.001	0.997	0.001	0.001
0.997	0.001	0.001	0.001
0.001	0.001	0.001	0.997
>AAWTCAACAA	21-AAWTCAACAA	10.676815	-302.206370	0	T:448.0(15.26%),B:1435.2(3.90%),P:1e-131	Tpos:255.4,Tstd:207.8,Bpos:241.7,Bstd:204.6,StrandBias:0.1,Multiplicity:1.61
0.997	0.001	0.001	0.001
0.672	0.326	0.001	0.001
0.438	0.048	0.034	0.480
0.001	0.141	0.001	0.857
0.078	0.920	0.001	0.001
0.886	0.086	0.001	0.027
0.864	0.134	0.001	0.001
0.001	0.763	0.235	0.001
0.965	0.001	0.001	0.033
0.939	0.001	0.012	0.048
>GATCTGGAAT	22-GATCTGGAAT	7.443564	-232.584661	0	T:528.0(17.98%),B:2347.7(6.37%),P:1e-101	Tpos:244.8,Tstd:135.9,Bpos:250.7,Bstd:209.6,StrandBias:0.7,Multiplicity:1.83
0.001	0.001	0.997	0.001
0.979	0.001	0.001	0.019
0.012	0.001	0.001	0.986
0.001	0.984	0.001	0.014
0.001	0.001	0.005	0.993
0.215	0.001	0.760	0.024
0.103	0.001	0.887	0.009
0.964	0.001	0.001	0.034
0.777	0.001	0.034	0.188
0.001	0.001	0.001	0.997
>AAGGTCAAAT	23-AAGGTCAAAT	10.296193	-203.053188	0	T:329.0(11.21%),B:1121.1(3.04%),P:1e-88	Tpos:252.3,Tstd:137.3,Bpos:251.7,Bstd:235.6,StrandBias:0.9,Multiplicity:2.06
0.700	0.100	0.100	0.100
0.700	0.100	0.100	0.100
0.100	0.100	0.700	0.100
0.100	0.100	0.700	0.100
0.100	0.100	0.100	0.700
0.100	0.700	0.100	0.100
0.700	0.100	0.100	0.100
0.700	0.100	0.100	0.100
0.700	0.100	0.100	0.100
0.100	0.100	0.100	0.700
>GACATAATTT	24-GACATAATTT	10.076867	-195.097849	0	T:365.0(12.43%),B:1396.3(3.79%),P:1e-84	Tpos:256.5,Tstd:140.1,Bpos:246.7,Bstd:224.0,StrandBias:0.9,Multiplicity:1.59
0.001	0.001	0.997	0.001
0.997	0.001	0.001	0.001
0.001	0.953	0.001	0.045
0.986	0.001	0.012	0.001
0.094	0.001	0.001	0.904
0.953	0.018	0.028	0.001
0.977	0.001	0.001	0.021
0.001	0.001	0.010	0.988
0.001	0.001	0.001	0.997
0.001	0.001	0.001	0.997
>ATTTTGCCAA	25-ATTTTGCCAA	12.325253	-142.019845	0	T:317.0(10.80%),B:1366.0(3.71%),P:1e-61	Tpos:251.4,Tstd:137.8,Bpos:248.5,Bstd:240.0,StrandBias:0.7,Multiplicity:1.89
0.736	0.001	0.001	0.262
0.001	0.001	0.001	0.997
0.001	0.001	0.001	0.997
0.001	0.001	0.001	0.997
0.001	0.001	0.001	0.997
0.001	0.001	0.997	0.001
0.032	0.731	0.230	0.007
0.008	0.990	0.001	0.001
0.586	0.001	0.412	0.001
0.994	0.001	0.001	0.004
>CTGGCGCDCYGC	1-CTGGCGCDCYGC	7.781188	-1039.368908	0	T:954.0(32.49%),B:2008.0(5.45%),P:1e-451	Tpos:249.4,Tstd:66.6,Bpos:258.1,Bstd:222.3,StrandBias:0.0,Multiplicity:1.79
0.023	0.560	0.127	0.290
0.109	0.017	0.250	0.624
0.035	0.001	0.963	0.001
0.016	0.044	0.918	0.022
0.014	0.648	0.263	0.075
0.102	0.133	0.725	0.040
0.006	0.937	0.011	0.046
0.248	0.093	0.389	0.269
0.245	0.475	0.169	0.111
0.020	0.509	0.023	0.448
0.114	0.090	0.773	0.023
0.096	0.550	0.278	0.076
>GGCGCGCCRSSC	2-GGCGCGCCRSSC	8.985424	-1038.434281	0	T:759.0(25.85%),B:1130.6(3.07%),P:1e-450	Tpos:249.9,Tstd:40.4,Bpos:241.6,Bstd:229.2,StrandBias:0.0,Multiplicity:1.69
0.015	0.005	0.975	0.005
0.092	0.112	0.629	0.167
0.007	0.779	0.197	0.017
0.028	0.015	0.955	0.002
0.008	0.936	0.026	0.030
0.014	0.061	0.903	0.022
0.042	0.747	0.170	0.041
0.056	0.785	0.079	0.080
0.370	0.064	0.420	0.146
0.041	0.478	0.447	0.033
0.058	0.530	0.386	0.026
0.102	0.853	0.040	0.005
>GGGTTTAGGGTT	3-GGGTTTAGGGTT	10.314634	-885.209814	0	T:774.0(26.36%),B:1484.7(4.03%),P:1e-384	Tpos:247.1,Tstd:150.8,Bpos:236.6,Bstd:286.1,StrandBias:-0.1,Multiplicity:1.64
0.205	0.013	0.740	0.042
0.066	0.002	0.805	0.127
0.296	0.030	0.565	0.109
0.002	0.075	0.007	0.916
0.013	0.002	0.013	0.972
0.214	0.136	0.007	0.643
0.793	0.001	0.089	0.117
0.277	0.007	0.692	0.024
0.134	0.002	0.760	0.104
0.077	0.006	0.717	0.200
0.131	0.095	0.027	0.747
0.038	0.001	0.005	0.956
>ARYGYGCCCCAA	4-ARYGYGCCCCAA	8.534787	-825.630236	0	T:900.0(30.65%),B:2289.9(6.22%),P:1e-358	Tpos:251.8,Tstd:102.9,Bpos:246.0,Bstd:228.1,StrandBias:0.2,Multiplicity:1.33
0.910	0.073	0.001	0.016
0.529	0.001	0.458	0.012
0.080	0.493	0.004	0.423
0.241	0.186	0.557	0.016
0.067	0.486	0.013	0.434
0.103	0.047	0.751	0.099
0.001	0.825	0.024	0.150
0.001	0.966	0.001	0.032
0.152	0.715	0.040	0.093
0.221	0.693	0.025	0.061
0.739	0.014	0.243	0.004
0.567	0.029	0.397	0.007
>GAAATCATCCAT	5-GAAATCATCCAT	10.729015	-812.899410	0	T:491.0(16.72%),B:511.1(1.39%),P:1e-353	Tpos:233.5,Tstd:191.2,Bpos:260.2,Bstd:215.7,StrandBias:-0.3,Multiplicity:1.01
0.023	0.011	0.920	0.046
0.958	0.013	0.016	0.013
0.881	0.001	0.058	0.060
0.627	0.292	0.006	0.075
0.006	0.017	0.006	0.971
0.043	0.884	0.006	0.067
0.940	0.020	0.017	0.023
0.011	0.020	0.006	0.963
0.006	0.760	0.021	0.213
0.117	0.703	0.046	0.134
0.728	0.013	0.245	0.014
0.099	0.066	0.165	0.670
>ACTCTAAAGTAC	6-ACTCTAAAGTAC	10.284564	-803.305414	0	T:593.0(20.20%),B:871.2(2.37%),P:1e-348	Tpos:237.8,Tstd:154.1,Bpos:246.2,Bstd:207.8,StrandBias:-0.2,Multiplicity:1.28
0.975	0.001	0.023	0.001
0.003	0.971	0.001	0.025
0.009	0.021	0.001	0.969
0.001	0.959	0.004	0.036
0.217	0.026	0.155	0.602
0.717	0.006	0.224	0.053
0.993	0.001	0.001	0.005
0.723	0.001	0.250	0.026
0.081	0.230	0.480	0.210
0.187	0.238	0.096	0.479
0.735	0.230	0.027	0.008
0.001	0.877	0.001	0.121
>TGTACHTATGTT	7-TGTACHTATGTT	10.951291	-690.098801	0	T:474.0(16.14%),B:611.7(1.66%),P:1e-299	Tpos:251.8,Tstd:156.7,Bpos:255.3,Bstd:214.1,StrandBias:-0.1,Multiplicity:1.00
0.001	0.082	0.001	0.916
0.083	0.001	0.832	0.084
0.001	0.001	0.032	0.966
0.975	0.001	0.023	0.001
0.193	0.805	0.001	0.001
0.371	0.379	0.001	0.249
0.001	0.140	0.001	0.858
0.667	0.001	0.331	0.001
0.001	0.137	0.248	0.614
0.254	0.001	0.744	0.001
0.001	0.001	0.001	0.997
0.001	0.062	0.001	0.936
>TTACCTTGAATT	8-TTACCTTGAATT	11.128512	-631.081695	0	T:460.0(15.67%),B:649.8(1.76%),P:1e-274	Tpos:243.2,Tstd:203.7,Bpos:250.8,Bstd:209.4,StrandBias:0.2,Multiplicity:1.24
0.177	0.118	0.031	0.674
0.238	0.152	0.017	0.593
0.602	0.043	0.025	0.330
0.019	0.861	0.019	0.101
0.006	0.962	0.014	0.018
0.025	0.006	0.005	0.964
0.049	0.069	0.001	0.881
0.055	0.022	0.899	0.024
0.954	0.005	0.018	0.023
0.862	0.008	0.099	0.031
0.018	0.011	0.005	0.966
0.022	0.174	0.022	0.782
>STTAGAATCAAW	9-STTAGAATCAAW	9.811884	-621.538373	0	T:568.0(19.35%),B:1114.8(3.03%),P:1e-269	Tpos:249.8,Tstd:147.8,Bpos:251.9,Bstd:204.1,StrandBias:0.3,Multiplicity:1.31
0.085	0.373	0.407	0.134
0.001	0.001	0.001	0.997
0.001	0.001	0.001	0.997
0.822	0.001	0.176	0.001
0.018	0.001	0.980	0.001
0.659	0.001	0.339	0.001
0.755	0.001	0.001	0.243
0.187	0.001	0.001	0.811
0.001	0.997	0.001	0.001
0.816	0.001	0.182	0.001
0.851	0.001	0.121	0.027
0.305	0.242	0.001	0.452
>TTTAGGGTTTWK	10-TTTAGGGTTTWK	13.511665	-601.959297	0	T:448.0(15.26%),B:651.7(1.77%),P:1e-261	Tpos:244.3,Tstd:138.7,Bpos:258.3,Bstd:341.9,StrandBias:-0.7,Multiplicity:7.00
0.001	0.415	0.001	0.583
0.130	0.001	0.001	0.868
0.001	0.001	0.001	0.997
0.997	0.001	0.001	0.001
0.112	0.001	0.886	0.001
0.185	0.001	0.813	0.001
0.001	0.001	0.997	0.001
0.054	0.194	0.001	0.751
0.001	0.001	0.001	0.997
0.001	0.001	0.001	0.997
0.471	0.205	0.001	0.323
0.001	0.001	0.493	0.505
>TAGGGTTTTTTA	11-TAGGGTTTTTTA	10.966549	-557.495990	0	T:416.0(14.17%),B:604.8(1.64%),P:1e-242	Tpos:252.0,Tstd:147.9,Bpos:272.3,Bstd:297.9,StrandBias:0.2,Multiplicity:1.81
0.010	0.005	0.014	0.971
0.792	0.015	0.010	0.183
0.036	0.007	0.912	0.045
0.082	0.010	0.789	0.119
0.134	0.009	0.793	0.064
0.091	0.140	0.082	0.687
0.022	0.005	0.031	0.942
0.007	0.017	0.036	0.940
0.015	0.155	0.011	0.819
0.259	0.007	0.042	0.692
0.098	0.008	0.035	0.859
0.807	0.022	0.062	0.109
>CSYCWAAACGTC	12-CSYCWAAACGTC	10.097077	-545.847218	0	T:773.0(26.33%),B:2488.7(6.76%),P:1e-237	Tpos:245.4,Tstd:136.7,Bpos:248.8,Bstd:231.9,StrandBias:0.0,Multiplicity:2.35
0.104	0.507	0.255	0.134
0.233	0.356	0.411	0.001
0.021	0.528	0.001	0.450
0.001	0.723	0.001	0.275
0.558	0.001	0.001	0.440
0.997	0.001	0.001	0.001
0.997	0.001	0.001	0.001
0.997	0.001	0.001	0.001
0.265	0.452	0.001	0.282
0.232	0.001	0.459	0.309
0.001	0.001	0.001	0.997
0.001	0.997	0.001	0.001
>GGTTTAGGGTTT	13-GGTTTAGGGTTT	12.256275	-543.479097	0	T:439.0(14.95%),B:717.2(1.95%),P:1e-236	Tpos:250.3,Tstd:137.6,Bpos:256.9,Bstd:329.5,StrandBias:0.3,Multiplicity:2.52
0.070	0.008	0.853	0.069
0.159	0.031	0.744	0.066
0.051	0.134	0.040	0.775
0.013	0.018	0.014	0.955
0.154	0.023	0.011	0.812
0.808	0.021	0.020	0.151
0.115	0.011	0.853	0.021
0.107	0.008	0.789	0.096
0.091	0.024	0.816	0.069
0.085	0.161	0.027	0.727
0.008	0.020	0.006	0.966
0.022	0.029	0.047	0.902
>TTAGGGTTTTTW	14-TTAGGGTTTTTW	11.644258	-531.128833	0	T:374.0(12.74%),B:494.6(1.34%),P:1e-230	Tpos:248.2,Tstd:144.8,Bpos:242.5,Bstd:285.9,StrandBias:0.2,Multiplicity:1.76
0.030	0.072	0.012	0.886
0.207	0.009	0.019	0.765
0.665	0.004	0.179	0.152
0.204	0.012	0.719	0.065
0.052	0.004	0.832	0.112
0.058	0.003	0.770	0.169
0.037	0.118	0.221	0.624
0.001	0.023	0.022	0.954
0.011	0.008	0.040	0.941
0.100	0.079	0.010	0.811
0.276	0.001	0.065	0.658
0.386	0.018	0.093	0.503
>GTTTAGGGTTTW	15-GTTTAGGGTTTW	12.157729	-516.019600	0	T:429.0(14.61%),B:728.7(1.98%),P:1e-224	Tpos:251.2,Tstd:139.6,Bpos:246.0,Bstd:342.3,StrandBias:0.2,Multiplicity:2.67
0.180	0.001	0.486	0.332
0.001	0.272	0.073	0.654
0.001	0.001	0.001	0.997
0.050	0.001	0.001	0.948
0.769	0.001	0.001	0.229
0.385	0.046	0.568	0.001
0.100	0.001	0.898	0.001
0.027	0.001	0.927	0.045
0.138	0.179	0.121	0.562
0.001	0.001	0.001	0.997
0.001	0.001	0.001	0.997
0.402	0.128	0.006	0.463
>MGAVCACGAAAA	16-MGAVCACGAAAA	9.258413	-450.522223	0	T:758.0(25.82%),B:2809.9(7.63%),P:1e-195	Tpos:252.8,Tstd:137.3,Bpos:249.0,Bstd:227.7,StrandBias:-0.6,Multiplicity:2.48
0.472	0.522	0.001	0.005
0.256	0.006	0.630	0.108
0.548	0.063	0.001	0.388
0.240	0.381	0.277	0.102
0.038	0.677	0.043	0.242
0.982	0.002	0.003	0.013
0.022	0.891	0.054	0.033
0.181	0.067	0.700	0.052
0.987	0.001	0.006	0.006
0.976	0.001	0.018	0.005
0.985	0.003	0.009	0.003
0.992	0.001	0.001	0.006
>KCCAGTTMACCC	17-KCCAGTTMACCC	8.630105	-434.648595	0	T:636.0(21.66%),B:2065.3(5.61%),P:1e-188	Tpos:247.8,Tstd:128.1,Bpos:246.3,Bstd:230.2,StrandBias:0.7,Multiplicity:2.19
0.169	0.040	0.437	0.354
0.076	0.886	0.001	0.037
0.260	0.627	0.005	0.108
0.653	0.001	0.337	0.009
0.073	0.095	0.770	0.062
0.331	0.039	0.009	0.621
0.230	0.034	0.104	0.632
0.469	0.494	0.035	0.002
0.453	0.014	0.247	0.287
0.044	0.793	0.072	0.091
0.001	0.982	0.001	0.016
0.150	0.723	0.003	0.124
>GTTTTAGGGTTT	18-GTTTTAGGGTTT	11.626885	-428.845865	0	T:457.0(15.57%),B:1058.8(2.87%),P:1e-186	Tpos:254.0,Tstd:140.2,Bpos:238.0,Bstd:277.3,StrandBias:0.5,Multiplicity:1.98
0.035	0.005	0.590	0.370
0.220	0.043	0.163	0.574
0.023	0.111	0.024	0.842
0.063	0.022	0.012	0.903
0.087	0.025	0.017	0.871
0.940	0.001	0.034	0.025
0.045	0.014	0.898	0.043
0.015	0.005	0.956	0.024
0.093	0.026	0.777	0.104
0.010	0.106	0.074	0.810
0.008	0.001	0.017	0.974
0.077	0.035	0.025	0.863
>GTTWAGGGTTTW	19-GTTWAGGGTTTW	8.864858	-392.940557	0	T:1068.0(36.38%),B:5646.1(15.33%),P:1e-170	Tpos:252.1,Tstd:141.7,Bpos:252.7,Bstd:241.3,StrandBias:0.4,Multiplicity:2.09
0.093	0.027	0.612	0.268
0.001	0.271	0.001	0.727
0.001	0.001	0.001	0.997
0.420	0.001	0.014	0.565
0.863	0.001	0.083	0.053
0.001	0.001	0.997	0.001
0.309	0.001	0.637	0.053
0.106	0.112	0.650	0.132
0.001	0.212	0.001	0.786
0.001	0.058	0.001	0.940
0.170	0.001	0.001	0.828
0.462	0.040	0.001	0.497
>AACTTCAASAAC	20-AACTTCAASAAC	8.500463	-386.742646	0	T:420.0(14.31%),B:989.0(2.68%),P:1e-167	Tpos:262.7,Tstd:210.0,Bpos:245.7,Bstd:218.1,StrandBias:0.2,Multiplicity:1.43
0.992	0.001	0.006	0.001
0.997	0.001	0.001	0.001
0.001	0.864	0.001	0.134
0.006	0.297	0.001	0.696
0.001	0.005	0.001	0.993
0.001	0.997	0.001	0.001
0.997	0.001	0.001	0.001
0.997	0.001	0.001	0.001
0.001	0.453	0.545	0.001
0.997	0.001	0.001	0.001
0.997	0.001	0.001	0.001
0.129	0.868	0.001	0.002
>TTAGGGTTTAGG	21-TTAGGGTTTAGG	9.653253	-375.362163	0	T:554.0(18.87%),B:1792.3(4.87%),P:1e-163	Tpos:251.6,Tstd:141.8,Bpos:254.6,Bstd:295.5,StrandBias:0.2,Multiplicity:1.94
0.107	0.010	0.049	0.834
0.116	0.018	0.055	0.811
0.779	0.028	0.060	0.133
0.146	0.064	0.741	0.049
0.190	0.042	0.642	0.126
0.140	0.011	0.766	0.083
0.031	0.151	0.072	0.746
0.041	0.011	0.083	0.865
0.142	0.022	0.024	0.812
0.683	0.011	0.116	0.190
0.145	0.042	0.712	0.101
0.220	0.048	0.608	0.124
>SGSCGACGBCGG	22-SGSCGACGBCGG	8.451864	-201.230705	0	T:231.0(7.87%),B:565.8(1.54%),P:1e-87	Tpos:250.0,Tstd:93.0,Bpos:247.9,Bstd:246.3,StrandBias:-0.4,Multiplicity:1.70
0.236	0.429	0.304	0.031
0.118	0.009	0.835	0.038
0.192	0.401	0.330	0.076
0.001	0.962	0.009	0.028
0.066	0.006	0.927	0.001
0.432	0.140	0.195	0.232
0.095	0.777	0.091	0.037
0.057	0.028	0.914	0.001
0.143	0.323	0.285	0.249
0.001	0.954	0.017	0.028
0.114	0.072	0.668	0.146
0.280	0.201	0.448	0.071
>ATGCGBGCAGGC	23-ATGCGBGCAGGC	9.337533	-180.351373	0	T:172.0(5.86%),B:339.9(0.92%),P:1e-78	Tpos:246.7,Tstd:127.4,Bpos:238.4,Bstd:231.2,StrandBias:3.0,Multiplicity:3.51
0.758	0.027	0.150	0.065
0.066	0.018	0.046	0.870
0.059	0.030	0.871	0.040
0.053	0.496	0.196	0.254
0.097	0.064	0.764	0.075
0.045	0.376	0.279	0.300
0.110	0.162	0.690	0.038
0.067	0.821	0.032	0.080
0.899	0.029	0.037	0.035
0.116	0.057	0.729	0.098
0.059	0.025	0.862	0.054
0.033	0.867	0.047	0.053
>TTTCGTGTGCTA	24-TTTCGTGTGCTA	11.216951	-166.753697	0	T:344.0(11.72%),B:1408.5(3.82%),P:1e-72	Tpos:247.8,Tstd:140.9,Bpos:245.3,Bstd:234.7,StrandBias:0.5,Multiplicity:1.28
0.037	0.004	0.001	0.958
0.319	0.016	0.015	0.650
0.013	0.046	0.017	0.924
0.009	0.824	0.038	0.129
0.148	0.069	0.706	0.077
0.031	0.006	0.021	0.942
0.056	0.028	0.891	0.025
0.023	0.001	0.001	0.975
0.026	0.008	0.934	0.032
0.129	0.773	0.017	0.081
0.087	0.026	0.009	0.878
0.910	0.047	0.009	0.034
>ATTTTGBCAAAA	25-ATTTTGBCAAAA	9.959435	-153.283398	0	T:387.0(13.18%),B:1811.4(4.92%),P:1e-66	Tpos:254.7,Tstd:138.1,Bpos:247.5,Bstd:228.8,StrandBias:-0.4,Multiplicity:1.98
0.605	0.190	0.007	0.198
0.145	0.027	0.046	0.782
0.162	0.018	0.004	0.816
0.383	0.004	0.012	0.601
0.247	0.086	0.001	0.666
0.004	0.120	0.614	0.262
0.146	0.245	0.242	0.367
0.001	0.701	0.049	0.249
0.495	0.286	0.169	0.049
0.655	0.019	0.269	0.057
0.836	0.009	0.043	0.112
0.829	0.044	0.002	0.125
>GGSSYGGCGCGCCG	1-GGSSYGGCGCGCCG	8.630587	-1154.592804	0	T:882.0(30.04%),B:1433.1(3.89%),P:1e-501	Tpos:249.2,Tstd:45.1,Bpos:245.7,Bstd:228.6,StrandBias:-0.0,Multiplicity:1.90
0.106	0.003	0.732	0.159
0.036	0.105	0.851	0.008
0.045	0.392	0.464	0.100
0.054	0.454	0.415	0.077
0.208	0.404	0.060	0.329
0.067	0.118	0.775	0.040
0.092	0.231	0.576	0.101
0.019	0.677	0.213	0.091
0.098	0.050	0.826	0.026
0.082	0.764	0.094	0.060
0.068	0.236	0.655	0.041
0.124	0.585	0.183	0.108
0.006	0.923	0.009	0.062
0.207	0.159	0.477	0.157
>GSCSGCBCTGGCGC	2-GSCSGCBCTGGCGC	7.567103	-1075.972063	0	T:1229.0(41.86%),B:3484.2(9.46%),P:1e-467	Tpos:248.6,Tstd:78.3,Bpos:253.7,Bstd:238.5,StrandBias:-0.0,Multiplicity:1.34
0.119	0.040	0.730	0.111
0.112	0.392	0.494	0.002
0.076	0.747	0.031	0.146
0.048	0.323	0.467	0.162
0.245	0.167	0.475	0.113
0.007	0.532	0.253	0.208
0.019	0.335	0.288	0.358
0.001	0.600	0.078	0.321
0.053	0.092	0.162	0.693
0.016	0.001	0.982	0.001
0.013	0.080	0.902	0.005
0.013	0.664	0.292	0.031
0.026	0.177	0.780	0.017
0.001	0.805	0.182	0.012
>AWGTACYTTAGAGT	3-AWGTACYTTAGAGT	9.548935	-1059.321557	0	T:597.0(20.33%),B:557.2(1.51%),P:1e-460	Tpos:235.1,Tstd:163.2,Bpos:254.7,Bstd:236.8,StrandBias:0.3,Multiplicity:1.00
0.993	0.001	0.005	0.001
0.504	0.090	0.013	0.393
0.013	0.001	0.985	0.001
0.001	0.002	0.001	0.996
0.689	0.295	0.003	0.013
0.307	0.484	0.184	0.026
0.005	0.509	0.003	0.483
0.001	0.001	0.001	0.997
0.003	0.003	0.003	0.991
0.932	0.001	0.066	0.001
0.028	0.001	0.968	0.003
0.996	0.001	0.001	0.002
0.009	0.003	0.982	0.006
0.003	0.003	0.001	0.993
>MAYCTWGAAWTCAT	4-MAYCTWGAAWTCAT	12.029568	-867.793618	0	T:525.0(17.88%),B:551.4(1.50%),P:1e-376	Tpos:237.0,Tstd:188.7,Bpos:249.5,Bstd:213.7,StrandBias:-0.1,Multiplicity:1.47
0.397	0.520	0.001	0.082
0.816	0.106	0.077	0.001
0.224	0.417	0.001	0.358
0.001	0.973	0.001	0.025
0.211	0.003	0.001	0.785
0.536	0.047	0.001	0.416
0.244	0.001	0.725	0.030
0.872	0.001	0.126	0.001
0.852	0.146	0.001	0.001
0.393	0.111	0.040	0.456
0.139	0.333	0.001	0.527
0.001	0.995	0.001	0.003
0.995	0.001	0.003	0.001
0.080	0.045	0.001	0.874
>TBGATTCWAGGTTW	5-TBGATTCWAGGTTW	10.078663	-776.169050	0	T:830.0(28.27%),B:2043.9(5.55%),P:1e-337	Tpos:260.5,Tstd:167.0,Bpos:247.6,Bstd:211.7,StrandBias:-0.1,Multiplicity:1.23
0.384	0.003	0.009	0.604
0.173	0.190	0.307	0.329
0.259	0.001	0.738	0.002
0.963	0.001	0.025	0.011
0.012	0.001	0.002	0.985
0.002	0.001	0.001	0.996
0.017	0.667	0.008	0.308
0.560	0.001	0.019	0.420
0.569	0.001	0.036	0.394
0.253	0.001	0.699	0.047
0.094	0.006	0.559	0.341
0.163	0.079	0.103	0.655
0.086	0.014	0.234	0.666
0.470	0.173	0.001	0.355
>TTTTTAGGGTTTAG	6-TTTTTAGGGTTTAG	11.624632	-647.324997	0	T:454.0(15.46%),B:603.4(1.64%),P:1e-281	Tpos:247.1,Tstd:141.0,Bpos:254.6,Bstd:314.9,StrandBias:0.2,Multiplicity:2.69
0.001	0.001	0.001	0.997
0.027	0.001	0.059	0.913
0.001	0.075	0.008	0.916
0.146	0.001	0.012	0.841
0.009	0.028	0.012	0.951
0.978	0.005	0.001	0.016
0.057	0.042	0.900	0.001
0.019	0.001	0.942	0.038
0.077	0.005	0.909	0.009
0.001	0.065	0.001	0.933
0.016	0.002	0.009	0.973
0.001	0.005	0.020	0.974
0.968	0.002	0.001	0.029
0.009	0.005	0.947	0.039
>GCTAWGGADCMAGT	7-GCTAWGGADCMAGT	8.709423	-623.812689	0	T:860.0(29.29%),B:2739.3(7.44%),P:1e-270	Tpos:244.8,Tstd:144.0,Bpos:253.5,Bstd:224.4,StrandBias:0.5,Multiplicity:1.56
0.343	0.010	0.502	0.145
0.022	0.708	0.043	0.227
0.014	0.309	0.004	0.673
0.816	0.011	0.001	0.172
0.498	0.114	0.024	0.364
0.061	0.001	0.915	0.023
0.236	0.001	0.717	0.046
0.930	0.001	0.068	0.001
0.392	0.001	0.281	0.326
0.031	0.869	0.001	0.099
0.539	0.402	0.001	0.058
0.688	0.062	0.001	0.249
0.119	0.033	0.761	0.087
0.001	0.199	0.001	0.799
>CCTTGAATTTGAAT	8-CCTTGAATTTGAAT	9.436503	-609.847856	0	T:395.0(13.45%),B:457.6(1.24%),P:1e-264	Tpos:242.1,Tstd:206.5,Bpos:253.8,Bstd:231.7,StrandBias:0.1,Multiplicity:1.00
0.001	0.997	0.001	0.001
0.001	0.993	0.001	0.005
0.001	0.001	0.001	0.997
0.005	0.001	0.001	0.993
0.001	0.001	0.997	0.001
0.997	0.001	0.001	0.001
0.997	0.001	0.001	0.001
0.001	0.001	0.001	0.997
0.001	0.001	0.001	0.997
0.001	0.001	0.237	0.761
0.005	0.001	0.993	0.001
0.993	0.005	0.001	0.001
0.786	0.006	0.001	0.207
0.001	0.001	0.001	0.997
>TGTACCTATGTTTC	9-TGTACCTATGTTTC	10.983859	-604.351371	0	T:373.0(12.70%),B:396.3(1.08%),P:1e-262	Tpos:253.5,Tstd:154.5,Bpos:273.6,Bstd:239.8,StrandBias:0.1,Multiplicity:1.00
0.009	0.024	0.001	0.966
0.082	0.001	0.912	0.005
0.001	0.005	0.001	0.993
0.997	0.001	0.001	0.001
0.001	0.994	0.001	0.004
0.001	0.993	0.005	0.001
0.007	0.020	0.006	0.967
0.997	0.001	0.001	0.001
0.001	0.005	0.001	0.993
0.001	0.005	0.993	0.001
0.001	0.001	0.001	0.997
0.001	0.005	0.005	0.989
0.001	0.018	0.001	0.980
0.005	0.613	0.001	0.381
>CTAAGCTCTAAACC	10-CTAAGCTCTAAACC	10.196922	-589.641492	0	T:415.0(14.13%),B:551.5(1.50%),P:1e-256	Tpos:248.8,Tstd:138.7,Bpos:270.0,Bstd:342.1,StrandBias:1.1,Multiplicity:5.46
0.001	0.997	0.001	0.001
0.005	0.001	0.001	0.993
0.993	0.005	0.001	0.001
0.997	0.001	0.001	0.001
0.001	0.006	0.987	0.006
0.005	0.993	0.001	0.001
0.022	0.234	0.107	0.637
0.001	0.997	0.001	0.001
0.001	0.001	0.001	0.997
0.997	0.001	0.001	0.001
0.997	0.001	0.001	0.001
0.997	0.001	0.001	0.001
0.001	0.997	0.001	0.001
0.042	0.956	0.001	0.001
>AACCCWAAAAAMCC	11-AACCCWAAAAAMCC	13.569308	-585.631327	0	T:330.0(11.24%),B:296.0(0.80%),P:1e-254	Tpos:245.8,Tstd:137.4,Bpos:267.9,Bstd:324.0,StrandBias:-0.4,Multiplicity:2.77
0.959	0.001	0.001	0.039
0.804	0.194	0.001	0.001
0.313	0.616	0.001	0.070
0.072	0.909	0.001	0.018
0.107	0.565	0.001	0.327
0.369	0.157	0.001	0.473
0.736	0.001	0.001	0.262
0.842	0.001	0.001	0.156
0.879	0.001	0.119	0.001
0.997	0.001	0.001	0.001
0.955	0.043	0.001	0.001
0.483	0.370	0.068	0.079
0.183	0.732	0.005	0.080
0.201	0.761	0.001	0.037
>AAGCCCTAAATCCT	12-AAGCCCTAAATCCT	12.468761	-564.306041	0	T:361.0(12.30%),B:407.9(1.11%),P:1e-245	Tpos:245.0,Tstd:133.8,Bpos:249.9,Bstd:360.1,StrandBias:-0.3,Multiplicity:2.34
0.700	0.100	0.100	0.100
0.700	0.100	0.100	0.100
0.100	0.100	0.700	0.100
0.100	0.700	0.100	0.100
0.100	0.700	0.100	0.100
0.100	0.700	0.100	0.100
0.100	0.100	0.100	0.700
0.700	0.100	0.100	0.100
0.700	0.100	0.100	0.100
0.700	0.100	0.100	0.100
0.100	0.100	0.100	0.700
0.100	0.700	0.100	0.100
0.100	0.700	0.100	0.100
0.100	0.100	0.100	0.700
>GGTTTTTAGGGTTT	13-GGTTTTTAGGGTTT	11.183818	-530.107822	0	T:348.0(11.85%),B:409.8(1.11%),P:1e-230	Tpos:252.0,Tstd:144.5,Bpos:249.7,Bstd:347.7,StrandBias:0.2,Multiplicity:1.80
0.001	0.001	0.997	0.001
0.001	0.001	0.646	0.352
0.001	0.001	0.001	0.997
0.001	0.001	0.001	0.997
0.001	0.001	0.001	0.997
0.001	0.001	0.001	0.997
0.001	0.001	0.001	0.997
0.997	0.001	0.001	0.001
0.001	0.001	0.997	0.001
0.001	0.001	0.997	0.001
0.001	0.001	0.853	0.145
0.001	0.001	0.001	0.997
0.001	0.001	0.001	0.997
0.078	0.001	0.001	0.920
>AAAAAACCCTAAAC	14-AAAAAACCCTAAAC	11.073635	-527.335196	0	T:555.0(18.90%),B:1285.2(3.49%),P:1e-229	Tpos:249.7,Tstd:140.6,Bpos:252.9,Bstd:271.1,StrandBias:-0.3,Multiplicity:2.07
0.745	0.096	0.011	0.148
0.679	0.085	0.003	0.233
0.744	0.017	0.150	0.089
0.942	0.040	0.006	0.012
0.962	0.012	0.010	0.016
0.733	0.148	0.028	0.091
0.153	0.741	0.058	0.048
0.092	0.857	0.003	0.048
0.050	0.802	0.035	0.113
0.139	0.040	0.002	0.819
0.702	0.056	0.002	0.240
0.952	0.016	0.014	0.018
0.663	0.101	0.179	0.057
0.225	0.569	0.075	0.131
>WGGGTTTAGGGTTT	15-WGGGTTTAGGGTTT	10.125574	-523.191847	0	T:777.0(26.46%),B:2608.2(7.08%),P:1e-227	Tpos:250.4,Tstd:133.1,Bpos:245.8,Bstd:286.8,StrandBias:0.0,Multiplicity:1.84
0.459	0.009	0.147	0.385
0.313	0.020	0.482	0.184
0.184	0.001	0.667	0.148
0.139	0.001	0.704	0.156
0.103	0.062	0.093	0.742
0.017	0.026	0.013	0.944
0.173	0.024	0.024	0.779
0.603	0.001	0.051	0.345
0.167	0.018	0.770	0.045
0.253	0.002	0.643	0.102
0.147	0.002	0.827	0.024
0.058	0.052	0.001	0.889
0.001	0.001	0.001	0.997
0.130	0.053	0.179	0.638
>WRGGTTTAGGGTTT	16-WRGGTTTAGGGTTT	12.032661	-518.545951	0	T:441.0(15.02%),B:773.7(2.10%),P:1e-225	Tpos:252.9,Tstd:143.3,Bpos:238.4,Bstd:325.0,StrandBias:0.0,Multiplicity:3.11
0.517	0.012	0.062	0.409
0.363	0.012	0.508	0.117
0.132	0.049	0.714	0.105
0.199	0.043	0.632	0.126
0.032	0.074	0.096	0.798
0.008	0.021	0.007	0.964
0.245	0.009	0.030	0.716
0.670	0.002	0.088	0.240
0.173	0.004	0.773	0.050
0.103	0.001	0.835	0.061
0.107	0.037	0.693	0.163
0.056	0.046	0.052	0.846
0.017	0.032	0.003	0.948
0.093	0.001	0.039	0.867
>TTHRTGGAYGTCBD	17-TTHRTGGAYGTCBD	8.833283	-464.017342	0	T:708.0(24.11%),B:2407.0(6.53%),P:1e-201	Tpos:250.6,Tstd:140.9,Bpos:250.3,Bstd:228.2,StrandBias:-0.3,Multiplicity:2.33
0.018	0.036	0.021	0.925
0.017	0.187	0.009	0.787
0.364	0.234	0.086	0.316
0.427	0.001	0.515	0.057
0.033	0.293	0.001	0.673
0.125	0.307	0.467	0.102
0.120	0.030	0.840	0.010
0.900	0.002	0.001	0.097
0.071	0.479	0.003	0.447
0.107	0.009	0.682	0.202
0.188	0.001	0.010	0.801
0.001	0.659	0.077	0.263
0.107	0.356	0.267	0.270
0.361	0.003	0.367	0.269
>GGTTGTGTTGTTGA	18-GGTTGTGTTGTTGA	10.755548	-424.207407	0	T:416.0(14.17%),B:870.6(2.36%),P:1e-184	Tpos:254.2,Tstd:201.9,Bpos:233.6,Bstd:214.5,StrandBias:-0.0,Multiplicity:1.62
0.055	0.030	0.834	0.081
0.040	0.039	0.710	0.211
0.149	0.019	0.028	0.804
0.024	0.056	0.161	0.759
0.091	0.026	0.648	0.235
0.165	0.013	0.123	0.699
0.059	0.019	0.885	0.037
0.059	0.010	0.030	0.901
0.128	0.006	0.025	0.841
0.175	0.175	0.524	0.126
0.028	0.012	0.074	0.886
0.076	0.040	0.021	0.863
0.054	0.010	0.838	0.098
0.809	0.009	0.089	0.093
>GGTGWTCTRGAATT	19-GGTGWTCTRGAATT	12.108385	-280.621985	0	T:391.0(13.32%),B:1177.9(3.20%),P:1e-121	Tpos:248.5,Tstd:138.6,Bpos:251.8,Bstd:216.6,StrandBias:0.8,Multiplicity:1.86
0.111	0.001	0.795	0.093
0.193	0.019	0.634	0.154
0.037	0.001	0.234	0.728
0.019	0.001	0.869	0.111
0.541	0.001	0.018	0.440
0.017	0.001	0.001	0.981
0.192	0.686	0.001	0.121
0.039	0.001	0.037	0.923
0.385	0.038	0.488	0.089
0.272	0.001	0.726	0.001
0.980	0.001	0.001	0.018
0.596	0.001	0.001	0.402
0.037	0.001	0.018	0.944
0.074	0.029	0.001	0.896
>GGMTTYGGATTTKK	20-GGMTTYGGATTTKK	14.298471	-251.174009	0	T:75.0(2.55%),B:13.8(0.04%),P:1e-109	Tpos:261.3,Tstd:80.9,Bpos:218.3,Bstd:74.2,StrandBias:0.5,Multiplicity:1.24
0.144	0.001	0.819	0.036
0.001	0.001	0.997	0.001
0.443	0.520	0.001	0.036
0.001	0.001	0.001	0.997
0.001	0.001	0.001	0.997
0.001	0.562	0.001	0.436
0.036	0.036	0.927	0.001
0.144	0.001	0.783	0.072
0.654	0.238	0.036	0.072
0.035	0.001	0.001	0.963
0.001	0.001	0.001	0.997
0.001	0.345	0.001	0.653
0.036	0.001	0.527	0.436
0.190	0.001	0.446	0.363
>AAACSYCCCATTTT	21-AAACSYCCCATTTT	14.433974	-204.991097	0	T:349.0(11.89%),B:1240.4(3.37%),P:1e-89	Tpos:254.5,Tstd:129.2,Bpos:244.0,Bstd:238.7,StrandBias:1.0,Multiplicity:2.61
0.977	0.001	0.001	0.021
0.997	0.001	0.001	0.001
0.834	0.140	0.019	0.007
0.189	0.701	0.031	0.079
0.212	0.376	0.325	0.087
0.001	0.485	0.001	0.513
0.061	0.871	0.015	0.053
0.028	0.849	0.001	0.122
0.162	0.679	0.001	0.158
0.997	0.001	0.001	0.001
0.165	0.001	0.001	0.833
0.001	0.001	0.001	0.997
0.206	0.001	0.001	0.792
0.001	0.062	0.010	0.927
>AWAGTCCATGGACT	22-AWAGTCCATGGACT	14.101080	-198.312884	0	T:308.0(10.49%),B:1011.8(2.75%),P:1e-86	Tpos:253.1,Tstd:134.7,Bpos:242.5,Bstd:231.0,StrandBias:-0.0,Multiplicity:1.77
0.969	0.009	0.001	0.021
0.506	0.011	0.001	0.482
0.924	0.001	0.006	0.069
0.060	0.001	0.801	0.138
0.001	0.027	0.001	0.971
0.091	0.840	0.048	0.021
0.086	0.748	0.018	0.148
0.764	0.001	0.225	0.010
0.001	0.190	0.001	0.808
0.199	0.009	0.755	0.037
0.073	0.009	0.786	0.132
0.952	0.046	0.001	0.001
0.091	0.843	0.014	0.052
0.017	0.001	0.001	0.981
>AATTTTTGCCAAAA	23-AATTTTTGCCAAAA	12.924691	-193.649626	0	T:369.0(12.57%),B:1431.8(3.89%),P:1e-84	Tpos:249.2,Tstd:137.2,Bpos:245.1,Bstd:231.4,StrandBias:-0.0,Multiplicity:1.86
0.817	0.103	0.022	0.058
0.789	0.058	0.009	0.144
0.266	0.084	0.025	0.625
0.055	0.014	0.015	0.916
0.076	0.019	0.014	0.891
0.067	0.022	0.045	0.866
0.040	0.038	0.313	0.609
0.134	0.045	0.710	0.111
0.153	0.523	0.168	0.156
0.282	0.635	0.038	0.045
0.840	0.094	0.038	0.028
0.922	0.017	0.021	0.040
0.931	0.017	0.015	0.037
0.926	0.010	0.020	0.044
>GATGCGKGCAGGCC	24-GATGCGKGCAGGCC	10.357989	-109.185816	0	T:124.0(4.22%),B:299.1(0.81%),P:1e-47	Tpos:250.8,Tstd:131.9,Bpos:238.2,Bstd:229.8,StrandBias:3.6,Multiplicity:6.51
0.162	0.001	0.784	0.053
0.769	0.001	0.055	0.175
0.088	0.001	0.018	0.893
0.109	0.023	0.795	0.073
0.028	0.594	0.035	0.343
0.096	0.063	0.760	0.081
0.012	0.231	0.308	0.448
0.192	0.109	0.698	0.001
0.021	0.819	0.006	0.154
0.970	0.006	0.006	0.018
0.157	0.072	0.567	0.204
0.115	0.001	0.614	0.270
0.005	0.946	0.006	0.043
0.142	0.730	0.025	0.103
>TCYTCYTCYTYYTC	25-TCYTCYTCYTYYTC	9.423387	-11.924284	0	T:447.0(15.22%),B:4596.6(12.48%),P:1e-5	Tpos:247.3,Tstd:133.2,Bpos:258.5,Bstd:178.4,StrandBias:-0.3,Multiplicity:1.16
0.029	0.052	0.013	0.906
0.016	0.767	0.016	0.201
0.092	0.477	0.019	0.412
0.042	0.246	0.012	0.700
0.010	0.732	0.012	0.246
0.045	0.535	0.018	0.402
0.170	0.052	0.003	0.775
0.066	0.800	0.009	0.125
0.028	0.517	0.023	0.432
0.015	0.137	0.008	0.840
0.010	0.552	0.016	0.422
0.032	0.395	0.056	0.517
0.065	0.031	0.010	0.894
0.013	0.802	0.010	0.175
>GCGCCAGC	1-GCGCCAGC	7.265452	-943.652817	0	T:923.0(31.44%),B:2086.1(5.66%),P:1e-409	Tpos:247.6,Tstd:56.4,Bpos:253.0,Bstd:209.0,StrandBias:-0.1,Multiplicity:1.68
0.042	0.001	0.956	0.001
0.001	0.970	0.001	0.028
0.041	0.122	0.836	0.001
0.001	0.938	0.050	0.011
0.001	0.986	0.001	0.012
0.860	0.001	0.001	0.138
0.059	0.001	0.939	0.001
0.084	0.707	0.208	0.001
>GCGGCGCS	2-GCGGCGCS	6.629761	-813.552551	0	T:922.0(31.40%),B:2453.8(6.66%),P:1e-353	Tpos:249.0,Tstd:50.7,Bpos:254.5,Bstd:236.8,StrandBias:0.0,Multiplicity:2.02
0.037	0.342	0.566	0.055
0.113	0.427	0.216	0.244
0.082	0.219	0.673	0.026
0.093	0.130	0.703	0.074
0.071	0.750	0.084	0.095
0.023	0.016	0.950	0.011
0.043	0.863	0.035	0.059
0.035	0.421	0.476	0.068
>GCGCCCCA	3-GCGCCCCA	5.971525	-728.501780	0	T:1439.0(49.01%),B:6664.6(18.09%),P:1e-316	Tpos:249.7,Tstd:92.5,Bpos:251.0,Bstd:234.0,StrandBias:0.3,Multiplicity:1.61
0.168	0.095	0.675	0.062
0.108	0.758	0.048	0.086
0.013	0.050	0.907	0.030
0.009	0.664	0.143	0.184
0.022	0.746	0.222	0.010
0.062	0.789	0.048	0.101
0.047	0.868	0.064	0.021
0.593	0.099	0.120	0.188
>STTCAGAG	4-STTCAGAG	7.491888	-651.580135	0	T:1123.0(38.25%),B:4481.4(12.17%),P:1e-282	Tpos:250.3,Tstd:128.7,Bpos:254.4,Bstd:182.9,StrandBias:0.0,Multiplicity:1.33
0.046	0.460	0.395	0.099
0.001	0.040	0.070	0.889
0.021	0.274	0.128	0.577
0.234	0.540	0.001	0.225
0.957	0.001	0.001	0.041
0.001	0.001	0.765	0.233
0.904	0.050	0.045	0.001
0.064	0.028	0.907	0.001
>ATCCATAA	5-ATCCATAA	7.144970	-651.561752	0	T:1028.0(35.01%),B:3772.0(10.24%),P:1e-282	Tpos:244.4,Tstd:173.4,Bpos:251.4,Bstd:225.6,StrandBias:-0.1,Multiplicity:1.20
0.997	0.001	0.001	0.001
0.197	0.001	0.001	0.801
0.001	0.997	0.001	0.001
0.001	0.997	0.001	0.001
0.887	0.001	0.111	0.001
0.001	0.001	0.001	0.997
0.997	0.001	0.001	0.001
0.898	0.001	0.100	0.001
>CCTTGAAT	6-CCTTGAAT	8.236954	-583.091373	0	T:586.0(19.96%),B:1293.8(3.51%),P:1e-253	Tpos:242.0,Tstd:203.5,Bpos:251.1,Bstd:199.5,StrandBias:0.1,Multiplicity:1.46
0.100	0.700	0.100	0.100
0.100	0.700	0.100	0.100
0.100	0.100	0.100	0.700
0.100	0.100	0.100	0.700
0.100	0.100	0.700	0.100
0.700	0.100	0.100	0.100
0.700	0.100	0.100	0.100
0.100	0.100	0.100	0.700
>TCTAAACR	7-TCTAAACR	8.184414	-566.418179	0	T:889.0(30.28%),B:3178.1(8.63%),P:1e-245	Tpos:241.0,Tstd:154.2,Bpos:252.8,Bstd:221.9,StrandBias:-0.5,Multiplicity:1.36
0.001	0.260	0.065	0.674
0.093	0.853	0.053	0.001
0.001	0.118	0.053	0.828
0.546	0.063	0.001	0.390
0.956	0.042	0.001	0.001
0.956	0.001	0.001	0.042
0.001	0.812	0.130	0.057
0.373	0.048	0.397	0.182
>VCTCTMAG	8-VCTCTMAG	8.283142	-467.306934	0	T:646.0(22.00%),B:1997.5(5.42%),P:1e-202	Tpos:235.1,Tstd:140.9,Bpos:254.4,Bstd:207.5,StrandBias:-0.3,Multiplicity:1.29
0.349	0.392	0.258	0.001
0.113	0.732	0.001	0.154
0.001	0.267	0.001	0.731
0.001	0.919	0.001	0.079
0.001	0.001	0.001	0.997
0.476	0.392	0.132	0.001
0.919	0.079	0.001	0.001
0.126	0.001	0.872	0.001
>AAAACCCT	9-AAAACCCT	7.464561	-395.071479	0	T:1491.0(50.78%),B:9751.4(26.47%),P:1e-171	Tpos:258.2,Tstd:144.7,Bpos:253.8,Bstd:230.0,StrandBias:0.1,Multiplicity:2.13
0.880	0.001	0.001	0.118
0.997	0.001	0.001	0.001
0.997	0.001	0.001	0.001
0.667	0.185	0.027	0.121
0.061	0.890	0.001	0.048
0.001	0.997	0.001	0.001
0.001	0.997	0.001	0.001
0.146	0.186	0.001	0.667
>ACATMGGT	10-ACATMGGT	8.436206	-344.671203	0	T:387.0(13.18%),B:940.4(2.55%),P:1e-149	Tpos:245.9,Tstd:150.3,Bpos:260.2,Bstd:198.2,StrandBias:-0.4,Multiplicity:1.09
0.826	0.001	0.132	0.041
0.001	0.971	0.001	0.027
0.610	0.022	0.302	0.066
0.105	0.001	0.068	0.826
0.437	0.533	0.001	0.029
0.064	0.227	0.678	0.031
0.110	0.066	0.823	0.001
0.078	0.207	0.001	0.714
>GATTCTAA	11-GATTCTAA	8.150386	-341.565555	0	T:635.0(21.63%),B:2496.0(6.78%),P:1e-148	Tpos:253.7,Tstd:146.8,Bpos:253.2,Bstd:195.6,StrandBias:-0.2,Multiplicity:1.45
0.001	0.001	0.997	0.001
0.997	0.001	0.001	0.001
0.322	0.001	0.001	0.676
0.001	0.085	0.001	0.913
0.001	0.997	0.001	0.001
0.001	0.001	0.001	0.997
0.997	0.001	0.001	0.001
0.934	0.001	0.064	0.001
>TTAGGGTT	12-TTAGGGTT	8.548195	-329.669704	0	T:999.0(34.03%),B:5538.7(15.04%),P:1e-143	Tpos:255.4,Tstd:139.2,Bpos:250.5,Bstd:256.2,StrandBias:0.2,Multiplicity:2.89
0.001	0.001	0.001	0.997
0.116	0.037	0.001	0.846
0.997	0.001	0.001	0.001
0.233	0.030	0.736	0.001
0.201	0.001	0.797	0.001
0.051	0.001	0.947	0.001
0.064	0.265	0.001	0.670
0.001	0.001	0.001	0.997
>AGTTMGCC	13-AGTTMGCC	7.770830	-317.109636	0	T:578.0(19.69%),B:2222.8(6.03%),P:1e-137	Tpos:243.4,Tstd:124.4,Bpos:245.6,Bstd:221.6,StrandBias:0.7,Multiplicity:1.54
0.744	0.141	0.114	0.001
0.001	0.182	0.747	0.070
0.070	0.001	0.001	0.928
0.050	0.045	0.333	0.572
0.509	0.374	0.067	0.050
0.183	0.071	0.680	0.066
0.088	0.910	0.001	0.001
0.001	0.910	0.001	0.088
>GACATMAT	14-GACATMAT	7.740756	-268.031577	0	T:860.0(29.29%),B:4822.6(13.09%),P:1e-116	Tpos:246.9,Tstd:163.9,Bpos:248.9,Bstd:195.8,StrandBias:0.3,Multiplicity:1.35
0.104	0.001	0.894	0.001
0.617	0.157	0.001	0.225
0.228	0.490	0.282	0.001
0.894	0.001	0.104	0.001
0.157	0.001	0.225	0.617
0.489	0.509	0.001	0.001
0.997	0.001	0.001	0.001
0.001	0.001	0.001	0.997
>TTGTGTTT	15-TTGTGTTT	10.581304	-265.257217	0	T:515.0(17.54%),B:2057.8(5.59%),P:1e-115	Tpos:255.8,Tstd:158.2,Bpos:249.1,Bstd:207.5,StrandBias:0.3,Multiplicity:1.27
0.001	0.001	0.001	0.997
0.233	0.001	0.001	0.765
0.001	0.001	0.997	0.001
0.001	0.001	0.001	0.997
0.001	0.001	0.997	0.001
0.001	0.001	0.001	0.997
0.001	0.001	0.001	0.997
0.001	0.001	0.198	0.800
>AGTCCTTG	16-AGTCCTTG	3.621100	-257.493843	0	T:931.0(31.71%),B:5566.5(15.11%),P:1e-111	Tpos:254.1,Tstd:153.0,Bpos:247.9,Bstd:209.7,StrandBias:-0.2,Multiplicity:1.62
0.613	0.385	0.001	0.001
0.001	0.001	0.997	0.001
0.001	0.208	0.001	0.790
