>TGGCGCGCYG	1-TGGCGCGCYG	8.635625	-1002.510945	0	T:807.0(27.49%),B:1393.6(3.78%),P:1e-435	Tpos:249.9,Tstd:65.4,Bpos:251.9,Bstd:224.1,StrandBias:0.0,Multiplicity:1.77
0.136	0.001	0.237	0.626
0.001	0.001	0.997	0.001
0.001	0.028	0.970	0.001
0.004	0.776	0.160	0.060
0.096	0.033	0.860	0.011
0.018	0.933	0.007	0.042
0.140	0.083	0.512	0.265
0.111	0.650	0.047	0.192
0.001	0.494	0.001	0.504
0.018	0.001	0.980	0.001
>GCGCGCCRSC	2-GCGCGCCRSC	7.861907	-873.432197	0	T:817.0(27.83%),B:1718.8(4.67%),P:1e-379	Tpos:249.0,Tstd:44.0,Bpos:249.2,Bstd:235.6,StrandBias:-0.1,Multiplicity:2.27
0.121	0.093	0.695	0.091
0.035	0.839	0.067	0.059
0.024	0.033	0.942	0.001
0.004	0.960	0.020	0.016
0.005	0.319	0.675	0.001
0.124	0.715	0.160	0.001
0.001	0.996	0.001	0.002
0.388	0.147	0.331	0.134
0.115	0.513	0.371	0.001
0.218	0.544	0.225	0.013
>CTTAGRWACA	3-CTTAGRWACA	9.804891	-775.511425	0	T:725.0(24.69%),B:1500.7(4.07%),P:1e-336	Tpos:245.0,Tstd:148.6,Bpos:253.2,Bstd:217.8,StrandBias:0.2,Multiplicity:1.68
0.001	0.958	0.001	0.040
0.341	0.001	0.001	0.657
0.385	0.001	0.001	0.613
0.780	0.001	0.127	0.092
0.193	0.007	0.799	0.001
0.434	0.001	0.563	0.002
0.522	0.001	0.001	0.476
0.597	0.001	0.001	0.401
0.001	0.997	0.001	0.001
0.974	0.001	0.001	0.024
>CCWAAAMKTC	4-CCWAAAMKTC	8.968087	-754.376199	0	T:1127.0(38.39%),B:4020.4(10.91%),P:1e-327	Tpos:244.6,Tstd:144.0,Bpos:251.4,Bstd:223.0,StrandBias:-0.0,Multiplicity:2.05
0.001	0.735	0.016	0.248
0.039	0.845	0.001	0.115
0.443	0.020	0.027	0.510
0.758	0.043	0.007	0.192
0.997	0.001	0.001	0.001
0.863	0.079	0.057	0.001
0.490	0.508	0.001	0.001
0.246	0.001	0.305	0.448
0.001	0.001	0.001	0.997
0.072	0.926	0.001	0.001
>CCTTGAATTC	5-CCTTGAATTC	11.145746	-713.668362	0	T:538.0(18.32%),B:808.7(2.20%),P:1e-309	Tpos:241.5,Tstd:205.4,Bpos:253.4,Bstd:206.4,StrandBias:0.1,Multiplicity:1.44
0.009	0.957	0.001	0.033
0.001	0.997	0.001	0.001
0.001	0.001	0.001	0.997
0.001	0.001	0.001	0.997
0.001	0.001	0.997	0.001
0.997	0.001	0.001	0.001
0.997	0.001	0.001	0.001
0.001	0.001	0.001	0.997
0.003	0.383	0.001	0.613
0.017	0.581	0.115	0.287
>GCCTGTNCKC	6-GCCTGTNCKC	7.749969	-683.009239	0	T:814.0(27.72%),B:2240.3(6.08%),P:1e-296	Tpos:248.2,Tstd:119.9,Bpos:245.1,Bstd:233.5,StrandBias:-0.1,Multiplicity:1.53
0.053	0.001	0.862	0.084
0.001	0.997	0.001	0.001
0.098	0.848	0.004	0.050
0.285	0.001	0.266	0.448
0.201	0.001	0.797	0.001
0.001	0.375	0.052	0.572
0.280	0.181	0.231	0.308
0.234	0.764	0.001	0.001
0.262	0.001	0.435	0.302
0.095	0.854	0.001	0.050
>GCCGGCGCCG	7-GCCGGCGCCG	5.551688	-625.889894	0	T:1145.0(39.00%),B:4789.4(13.00%),P:1e-271	Tpos:250.2,Tstd:83.4,Bpos:254.3,Bstd:243.9,StrandBias:0.2,Multiplicity:2.07
0.076	0.108	0.766	0.050
0.076	0.718	0.146	0.060
0.120	0.692	0.069	0.119
0.124	0.099	0.719	0.058
0.139	0.137	0.637	0.087
0.045	0.703	0.152	0.100
0.067	0.175	0.710	0.048
0.143	0.639	0.086	0.132
0.073	0.741	0.123	0.063
0.083	0.155	0.675	0.087
>GTTWAGRGYT	8-GTTWAGRGYT	6.828515	-576.350614	0	T:1885.0(64.20%),B:12365.1(33.57%),P:1e-250	Tpos:248.4,Tstd:148.1,Bpos:249.6,Bstd:221.4,StrandBias:-0.0,Multiplicity:1.86
0.033	0.134	0.633	0.200
0.032	0.228	0.051	0.689
0.017	0.124	0.016	0.843
0.476	0.033	0.117	0.374
0.827	0.001	0.100	0.072
0.015	0.001	0.979	0.005
0.407	0.001	0.542	0.050
0.156	0.062	0.560	0.222
0.103	0.382	0.022	0.493
0.011	0.120	0.018	0.851
>GTTTTTTAGG	9-GTTTTTTAGG	11.498397	-559.564825	0	T:284.0(9.67%),B:205.0(0.56%),P:1e-243	Tpos:241.8,Tstd:143.4,Bpos:263.8,Bstd:352.1,StrandBias:0.2,Multiplicity:1.64
0.010	0.001	0.958	0.031
0.092	0.020	0.338	0.550
0.028	0.001	0.163	0.808
0.026	0.008	0.001	0.965
0.001	0.154	0.006	0.839
0.128	0.101	0.009	0.762
0.117	0.001	0.007	0.875
0.697	0.026	0.150	0.127
0.243	0.027	0.676	0.054
0.009	0.005	0.868	0.118
>TAAACCCTAA	10-TAAACCCTAA	13.167893	-526.710028	0	T:433.0(14.75%),B:724.4(1.97%),P:1e-228	Tpos:245.4,Tstd:139.0,Bpos:254.0,Bstd:345.0,StrandBias:0.6,Multiplicity:7.57
0.329	0.001	0.143	0.527
0.997	0.001	0.001	0.001
0.997	0.001	0.001	0.001
0.997	0.001	0.001	0.001
0.001	0.997	0.001	0.001
0.028	0.970	0.001	0.001
0.001	0.997	0.001	0.001
0.001	0.001	0.001	0.997
0.997	0.001	0.001	0.001
0.997	0.001	0.001	0.001
>GTTTAGGGTT	11-GTTTAGGGTT	8.560350	-518.978337	0	T:981.0(33.41%),B:4094.6(11.12%),P:1e-225	Tpos:249.8,Tstd:148.6,Bpos:249.4,Bstd:263.4,StrandBias:0.0,Multiplicity:2.44
0.085	0.014	0.673	0.228
0.036	0.128	0.011	0.825
0.015	0.007	0.003	0.975
0.170	0.016	0.050	0.764
0.798	0.033	0.045	0.124
0.090	0.045	0.718	0.147
0.125	0.005	0.789	0.081
0.076	0.018	0.771	0.135
0.181	0.050	0.013	0.756
0.039	0.023	0.006	0.932
>TTTAGGGYTT	12-TTTAGGGYTT	12.200565	-463.006786	0	T:342.0(11.65%),B:484.4(1.32%),P:1e-201	Tpos:253.7,Tstd:135.1,Bpos:261.9,Bstd:302.1,StrandBias:0.4,Multiplicity:2.27
0.001	0.202	0.078	0.719
0.139	0.001	0.001	0.859
0.001	0.001	0.001	0.997
0.983	0.015	0.001	0.001
0.078	0.019	0.902	0.001
0.150	0.001	0.833	0.016
0.014	0.046	0.921	0.019
0.001	0.535	0.016	0.448
0.001	0.001	0.149	0.849
0.001	0.001	0.001	0.997
>TAGGGTTTAG	13-TAGGGTTTAG	9.213775	-459.366810	0	T:619.0(21.08%),B:1862.4(5.06%),P:1e-199	Tpos:250.3,Tstd:141.0,Bpos:251.3,Bstd:306.6,StrandBias:0.2,Multiplicity:2.52
0.121	0.012	0.073	0.794
0.862	0.011	0.046	0.081
0.149	0.074	0.723	0.054
0.138	0.028	0.763	0.071
0.228	0.001	0.732	0.039
0.033	0.130	0.003	0.834
0.013	0.023	0.016	0.948
0.159	0.011	0.003	0.827
0.769	0.080	0.055	0.096
0.075	0.039	0.749	0.137
>TTTCGTGTAC	14-TTTCGTGTAC	7.015494	-450.556613	0	T:1143.0(38.93%),B:5879.0(15.96%),P:1e-195	Tpos:253.0,Tstd:143.9,Bpos:249.0,Bstd:214.5,StrandBias:0.5,Multiplicity:1.88
0.118	0.034	0.056	0.792
0.128	0.112	0.062	0.698
0.085	0.012	0.128	0.775
0.241	0.495	0.078	0.186
0.039	0.079	0.790	0.092
0.217	0.020	0.092	0.671
0.033	0.040	0.838	0.089
0.059	0.121	0.034	0.786
0.585	0.046	0.070	0.299
0.075	0.567	0.182	0.176
>TAGAATCRAT	15-TAGAATCRAT	9.792818	-442.470039	0	T:351.0(11.96%),B:552.1(1.50%),P:1e-192	Tpos:246.9,Tstd:138.7,Bpos:256.5,Bstd:190.1,StrandBias:0.4,Multiplicity:1.14
0.001	0.015	0.001	0.983
0.997	0.001	0.001	0.001
0.001	0.001	0.985	0.013
0.997	0.001	0.001	0.001
0.947	0.001	0.001	0.051
0.012	0.001	0.001	0.986
0.001	0.969	0.001	0.029
0.460	0.001	0.478	0.061
0.997	0.001	0.001	0.001
0.183	0.052	0.001	0.764
>AAAACCYTAA	16-AAAACCYTAA	11.657548	-440.377604	0	T:445.0(15.16%),B:969.0(2.63%),P:1e-191	Tpos:243.8,Tstd:142.3,Bpos:241.0,Bstd:291.7,StrandBias:-0.3,Multiplicity:2.71
0.720	0.001	0.001	0.278
0.997	0.001	0.001	0.001
0.997	0.001	0.001	0.001
0.667	0.172	0.001	0.160
0.044	0.954	0.001	0.001
0.001	0.997	0.001	0.001
0.001	0.435	0.001	0.563
0.389	0.001	0.001	0.609
0.919	0.001	0.001	0.079
0.997	0.001	0.001	0.001
>AAACCCTTAA	17-AAACCCTTAA	11.330611	-434.242731	0	T:437.0(14.88%),B:945.5(2.57%),P:1e-188	Tpos:250.7,Tstd:135.4,Bpos:247.1,Bstd:287.0,StrandBias:-0.2,Multiplicity:1.93
0.833	0.001	0.001	0.165
0.997	0.001	0.001	0.001
0.752	0.001	0.001	0.246
0.256	0.742	0.001	0.001
0.001	0.997	0.001	0.001
0.001	0.997	0.001	0.001
0.001	0.329	0.001	0.669
0.246	0.001	0.001	0.752
0.997	0.001	0.001	0.001
0.997	0.001	0.001	0.001
>ACATGAATCA	18-ACATGAATCA	10.938375	-423.059595	0	T:259.0(8.82%),B:267.6(0.73%),P:1e-183	Tpos:259.6,Tstd:175.9,Bpos:246.7,Bstd:175.7,StrandBias:-0.2,Multiplicity:1.06
0.997	0.001	0.001	0.001
0.001	0.997	0.001	0.001
0.997	0.001	0.001	0.001
0.001	0.062	0.001	0.936
0.001	0.001	0.997	0.001
0.997	0.001	0.001	0.001
0.997	0.001	0.001	0.001
0.001	0.001	0.001	0.997
0.001	0.997	0.001	0.001
0.887	0.001	0.001	0.111
>AGTGTTGGAA	19-AGTGTTGGAA	10.862192	-408.285542	0	T:279.0(9.50%),B:347.5(0.94%),P:1e-177	Tpos:242.7,Tstd:161.6,Bpos:249.1,Bstd:197.3,StrandBias:0.2,Multiplicity:1.00
0.997	0.001	0.001	0.001
0.001	0.001	0.997	0.001
0.001	0.001	0.001	0.997
0.001	0.001	0.997	0.001
0.001	0.001	0.001	0.997
0.001	0.001	0.001	0.997
0.260	0.001	0.738	0.001
0.001	0.001	0.997	0.001
0.802	0.001	0.001	0.196
0.997	0.001	0.001	0.001
>ATGATCTCAT	20-ATGATCTCAT	8.674665	-358.974297	0	T:295.0(10.05%),B:484.0(1.31%),P:1e-155	Tpos:251.0,Tstd:210.2,Bpos:263.8,Bstd:198.5,StrandBias:-0.0,Multiplicity:1.00
0.734	0.001	0.001	0.264
0.001	0.011	0.001	0.987
0.001	0.001	0.997	0.001
0.997	0.001	0.001	0.001
0.001	0.001	0.001	0.997
0.001	0.997	0.001	0.001
0.292	0.001	0.001	0.706
0.001	0.997	0.001	0.001
0.997	0.001	0.001	0.001
0.001	0.001	0.001	0.997
>AAWTCAACAA	21-AAWTCAACAA	10.676815	-302.206370	0	T:448.0(15.26%),B:1435.2(3.90%),P:1e-131	Tpos:255.4,Tstd:207.8,Bpos:241.7,Bstd:204.6,StrandBias:0.1,Multiplicity:1.61
0.997	0.001	0.001	0.001
0.672	0.326	0.001	0.001
0.438	0.048	0.034	0.480
0.001	0.141	0.001	0.857
0.078	0.920	0.001	0.001
0.886	0.086	0.001	0.027
0.864	0.134	0.001	0.001
0.001	0.763	0.235	0.001
0.965	0.001	0.001	0.033
0.939	0.001	0.012	0.048
>GATCTGGAAT	22-GATCTGGAAT	7.443564	-232.584661	0	T:528.0(17.98%),B:2347.7(6.37%),P:1e-101	Tpos:244.8,Tstd:135.9,Bpos:250.7,Bstd:209.6,StrandBias:0.7,Multiplicity:1.83
0.001	0.001	0.997	0.001
0.979	0.001	0.001	0.019
0.012	0.001	0.001	0.986
0.001	0.984	0.001	0.014
0.001	0.001	0.005	0.993
0.215	0.001	0.760	0.024
0.103	0.001	0.887	0.009
0.964	0.001	0.001	0.034
0.777	0.001	0.034	0.188
0.001	0.001	0.001	0.997
>AAGGTCAAAT	23-AAGGTCAAAT	10.296193	-203.053188	0	T:329.0(11.21%),B:1121.1(3.04%),P:1e-88	Tpos:252.3,Tstd:137.3,Bpos:251.7,Bstd:235.6,StrandBias:0.9,Multiplicity:2.06
0.700	0.100	0.100	0.100
0.700	0.100	0.100	0.100
0.100	0.100	0.700	0.100
0.100	0.100	0.700	0.100
0.100	0.100	0.100	0.700
0.100	0.700	0.100	0.100
0.700	0.100	0.100	0.100
0.700	0.100	0.100	0.100
0.700	0.100	0.100	0.100
0.100	0.100	0.100	0.700
>GACATAATTT	24-GACATAATTT	10.076867	-195.097849	0	T:365.0(12.43%),B:1396.3(3.79%),P:1e-84	Tpos:256.5,Tstd:140.1,Bpos:246.7,Bstd:224.0,StrandBias:0.9,Multiplicity:1.59
0.001	0.001	0.997	0.001
0.997	0.001	0.001	0.001
0.001	0.953	0.001	0.045
0.986	0.001	0.012	0.001
0.094	0.001	0.001	0.904
0.953	0.018	0.028	0.001
0.977	0.001	0.001	0.021
0.001	0.001	0.010	0.988
0.001	0.001	0.001	0.997
0.001	0.001	0.001	0.997
>ATTTTGCCAA	25-ATTTTGCCAA	12.325253	-142.019845	0	T:317.0(10.80%),B:1366.0(3.71%),P:1e-61	Tpos:251.4,Tstd:137.8,Bpos:248.5,Bstd:240.0,StrandBias:0.7,Multiplicity:1.89
0.736	0.001	0.001	0.262
0.001	0.001	0.001	0.997
0.001	0.001	0.001	0.997
0.001	0.001	0.001	0.997
0.001	0.001	0.001	0.997
0.001	0.001	0.997	0.001
0.032	0.731	0.230	0.007
0.008	0.990	0.001	0.001
0.586	0.001	0.412	0.001
0.994	0.001	0.001	0.004
