>GGSSYGGCGCGCCG	1-GGSSYGGCGCGCCG	8.630587	-1154.592804	0	T:882.0(30.04%),B:1433.1(3.89%),P:1e-501	Tpos:249.2,Tstd:45.1,Bpos:245.7,Bstd:228.6,StrandBias:-0.0,Multiplicity:1.90
0.106	0.003	0.732	0.159
0.036	0.105	0.851	0.008
0.045	0.392	0.464	0.100
0.054	0.454	0.415	0.077
0.208	0.404	0.060	0.329
0.067	0.118	0.775	0.040
0.092	0.231	0.576	0.101
0.019	0.677	0.213	0.091
0.098	0.050	0.826	0.026
0.082	0.764	0.094	0.060
0.068	0.236	0.655	0.041
0.124	0.585	0.183	0.108
0.006	0.923	0.009	0.062
0.207	0.159	0.477	0.157
>GSCSGCBCTGGCGC	2-GSCSGCBCTGGCGC	7.567103	-1075.972063	0	T:1229.0(41.86%),B:3484.2(9.46%),P:1e-467	Tpos:248.6,Tstd:78.3,Bpos:253.7,Bstd:238.5,StrandBias:-0.0,Multiplicity:1.34
0.119	0.040	0.730	0.111
0.112	0.392	0.494	0.002
0.076	0.747	0.031	0.146
0.048	0.323	0.467	0.162
0.245	0.167	0.475	0.113
0.007	0.532	0.253	0.208
0.019	0.335	0.288	0.358
0.001	0.600	0.078	0.321
0.053	0.092	0.162	0.693
0.016	0.001	0.982	0.001
0.013	0.080	0.902	0.005
0.013	0.664	0.292	0.031
0.026	0.177	0.780	0.017
0.001	0.805	0.182	0.012
>AWGTACYTTAGAGT	3-AWGTACYTTAGAGT	9.548935	-1059.321557	0	T:597.0(20.33%),B:557.2(1.51%),P:1e-460	Tpos:235.1,Tstd:163.2,Bpos:254.7,Bstd:236.8,StrandBias:0.3,Multiplicity:1.00
0.993	0.001	0.005	0.001
0.504	0.090	0.013	0.393
0.013	0.001	0.985	0.001
0.001	0.002	0.001	0.996
0.689	0.295	0.003	0.013
0.307	0.484	0.184	0.026
0.005	0.509	0.003	0.483
0.001	0.001	0.001	0.997
0.003	0.003	0.003	0.991
0.932	0.001	0.066	0.001
0.028	0.001	0.968	0.003
0.996	0.001	0.001	0.002
0.009	0.003	0.982	0.006
0.003	0.003	0.001	0.993
>MAYCTWGAAWTCAT	4-MAYCTWGAAWTCAT	12.029568	-867.793618	0	T:525.0(17.88%),B:551.4(1.50%),P:1e-376	Tpos:237.0,Tstd:188.7,Bpos:249.5,Bstd:213.7,StrandBias:-0.1,Multiplicity:1.47
0.397	0.520	0.001	0.082
0.816	0.106	0.077	0.001
0.224	0.417	0.001	0.358
0.001	0.973	0.001	0.025
0.211	0.003	0.001	0.785
0.536	0.047	0.001	0.416
0.244	0.001	0.725	0.030
0.872	0.001	0.126	0.001
0.852	0.146	0.001	0.001
0.393	0.111	0.040	0.456
0.139	0.333	0.001	0.527
0.001	0.995	0.001	0.003
0.995	0.001	0.003	0.001
0.080	0.045	0.001	0.874
>TBGATTCWAGGTTW	5-TBGATTCWAGGTTW	10.078663	-776.169050	0	T:830.0(28.27%),B:2043.9(5.55%),P:1e-337	Tpos:260.5,Tstd:167.0,Bpos:247.6,Bstd:211.7,StrandBias:-0.1,Multiplicity:1.23
0.384	0.003	0.009	0.604
0.173	0.190	0.307	0.329
0.259	0.001	0.738	0.002
0.963	0.001	0.025	0.011
0.012	0.001	0.002	0.985
0.002	0.001	0.001	0.996
0.017	0.667	0.008	0.308
0.560	0.001	0.019	0.420
0.569	0.001	0.036	0.394
0.253	0.001	0.699	0.047
0.094	0.006	0.559	0.341
0.163	0.079	0.103	0.655
0.086	0.014	0.234	0.666
0.470	0.173	0.001	0.355
>TTTTTAGGGTTTAG	6-TTTTTAGGGTTTAG	11.624632	-647.324997	0	T:454.0(15.46%),B:603.4(1.64%),P:1e-281	Tpos:247.1,Tstd:141.0,Bpos:254.6,Bstd:314.9,StrandBias:0.2,Multiplicity:2.69
0.001	0.001	0.001	0.997
0.027	0.001	0.059	0.913
0.001	0.075	0.008	0.916
0.146	0.001	0.012	0.841
0.009	0.028	0.012	0.951
0.978	0.005	0.001	0.016
0.057	0.042	0.900	0.001
0.019	0.001	0.942	0.038
0.077	0.005	0.909	0.009
0.001	0.065	0.001	0.933
0.016	0.002	0.009	0.973
0.001	0.005	0.020	0.974
0.968	0.002	0.001	0.029
0.009	0.005	0.947	0.039
>GCTAWGGADCMAGT	7-GCTAWGGADCMAGT	8.709423	-623.812689	0	T:860.0(29.29%),B:2739.3(7.44%),P:1e-270	Tpos:244.8,Tstd:144.0,Bpos:253.5,Bstd:224.4,StrandBias:0.5,Multiplicity:1.56
0.343	0.010	0.502	0.145
0.022	0.708	0.043	0.227
0.014	0.309	0.004	0.673
0.816	0.011	0.001	0.172
0.498	0.114	0.024	0.364
0.061	0.001	0.915	0.023
0.236	0.001	0.717	0.046
0.930	0.001	0.068	0.001
0.392	0.001	0.281	0.326
0.031	0.869	0.001	0.099
0.539	0.402	0.001	0.058
0.688	0.062	0.001	0.249
0.119	0.033	0.761	0.087
0.001	0.199	0.001	0.799
>CCTTGAATTTGAAT	8-CCTTGAATTTGAAT	9.436503	-609.847856	0	T:395.0(13.45%),B:457.6(1.24%),P:1e-264	Tpos:242.1,Tstd:206.5,Bpos:253.8,Bstd:231.7,StrandBias:0.1,Multiplicity:1.00
0.001	0.997	0.001	0.001
0.001	0.993	0.001	0.005
0.001	0.001	0.001	0.997
0.005	0.001	0.001	0.993
0.001	0.001	0.997	0.001
0.997	0.001	0.001	0.001
0.997	0.001	0.001	0.001
0.001	0.001	0.001	0.997
0.001	0.001	0.001	0.997
0.001	0.001	0.237	0.761
0.005	0.001	0.993	0.001
0.993	0.005	0.001	0.001
0.786	0.006	0.001	0.207
0.001	0.001	0.001	0.997
>TGTACCTATGTTTC	9-TGTACCTATGTTTC	10.983859	-604.351371	0	T:373.0(12.70%),B:396.3(1.08%),P:1e-262	Tpos:253.5,Tstd:154.5,Bpos:273.6,Bstd:239.8,StrandBias:0.1,Multiplicity:1.00
0.009	0.024	0.001	0.966
0.082	0.001	0.912	0.005
0.001	0.005	0.001	0.993
0.997	0.001	0.001	0.001
0.001	0.994	0.001	0.004
0.001	0.993	0.005	0.001
0.007	0.020	0.006	0.967
0.997	0.001	0.001	0.001
0.001	0.005	0.001	0.993
0.001	0.005	0.993	0.001
0.001	0.001	0.001	0.997
0.001	0.005	0.005	0.989
0.001	0.018	0.001	0.980
0.005	0.613	0.001	0.381
>CTAAGCTCTAAACC	10-CTAAGCTCTAAACC	10.196922	-589.641492	0	T:415.0(14.13%),B:551.5(1.50%),P:1e-256	Tpos:248.8,Tstd:138.7,Bpos:270.0,Bstd:342.1,StrandBias:1.1,Multiplicity:5.46
0.001	0.997	0.001	0.001
0.005	0.001	0.001	0.993
0.993	0.005	0.001	0.001
0.997	0.001	0.001	0.001
0.001	0.006	0.987	0.006
0.005	0.993	0.001	0.001
0.022	0.234	0.107	0.637
0.001	0.997	0.001	0.001
0.001	0.001	0.001	0.997
0.997	0.001	0.001	0.001
0.997	0.001	0.001	0.001
0.997	0.001	0.001	0.001
0.001	0.997	0.001	0.001
0.042	0.956	0.001	0.001
>AACCCWAAAAAMCC	11-AACCCWAAAAAMCC	13.569308	-585.631327	0	T:330.0(11.24%),B:296.0(0.80%),P:1e-254	Tpos:245.8,Tstd:137.4,Bpos:267.9,Bstd:324.0,StrandBias:-0.4,Multiplicity:2.77
0.959	0.001	0.001	0.039
0.804	0.194	0.001	0.001
0.313	0.616	0.001	0.070
0.072	0.909	0.001	0.018
0.107	0.565	0.001	0.327
0.369	0.157	0.001	0.473
0.736	0.001	0.001	0.262
0.842	0.001	0.001	0.156
0.879	0.001	0.119	0.001
0.997	0.001	0.001	0.001
0.955	0.043	0.001	0.001
0.483	0.370	0.068	0.079
0.183	0.732	0.005	0.080
0.201	0.761	0.001	0.037
>AAGCCCTAAATCCT	12-AAGCCCTAAATCCT	12.468761	-564.306041	0	T:361.0(12.30%),B:407.9(1.11%),P:1e-245	Tpos:245.0,Tstd:133.8,Bpos:249.9,Bstd:360.1,StrandBias:-0.3,Multiplicity:2.34
0.700	0.100	0.100	0.100
0.700	0.100	0.100	0.100
0.100	0.100	0.700	0.100
0.100	0.700	0.100	0.100
0.100	0.700	0.100	0.100
0.100	0.700	0.100	0.100
0.100	0.100	0.100	0.700
0.700	0.100	0.100	0.100
0.700	0.100	0.100	0.100
0.700	0.100	0.100	0.100
0.100	0.100	0.100	0.700
0.100	0.700	0.100	0.100
0.100	0.700	0.100	0.100
0.100	0.100	0.100	0.700
>GGTTTTTAGGGTTT	13-GGTTTTTAGGGTTT	11.183818	-530.107822	0	T:348.0(11.85%),B:409.8(1.11%),P:1e-230	Tpos:252.0,Tstd:144.5,Bpos:249.7,Bstd:347.7,StrandBias:0.2,Multiplicity:1.80
0.001	0.001	0.997	0.001
0.001	0.001	0.646	0.352
0.001	0.001	0.001	0.997
0.001	0.001	0.001	0.997
0.001	0.001	0.001	0.997
0.001	0.001	0.001	0.997
0.001	0.001	0.001	0.997
0.997	0.001	0.001	0.001
0.001	0.001	0.997	0.001
0.001	0.001	0.997	0.001
0.001	0.001	0.853	0.145
0.001	0.001	0.001	0.997
0.001	0.001	0.001	0.997
0.078	0.001	0.001	0.920
>AAAAAACCCTAAAC	14-AAAAAACCCTAAAC	11.073635	-527.335196	0	T:555.0(18.90%),B:1285.2(3.49%),P:1e-229	Tpos:249.7,Tstd:140.6,Bpos:252.9,Bstd:271.1,StrandBias:-0.3,Multiplicity:2.07
0.745	0.096	0.011	0.148
0.679	0.085	0.003	0.233
0.744	0.017	0.150	0.089
0.942	0.040	0.006	0.012
0.962	0.012	0.010	0.016
0.733	0.148	0.028	0.091
0.153	0.741	0.058	0.048
0.092	0.857	0.003	0.048
0.050	0.802	0.035	0.113
0.139	0.040	0.002	0.819
0.702	0.056	0.002	0.240
0.952	0.016	0.014	0.018
0.663	0.101	0.179	0.057
0.225	0.569	0.075	0.131
>WGGGTTTAGGGTTT	15-WGGGTTTAGGGTTT	10.125574	-523.191847	0	T:777.0(26.46%),B:2608.2(7.08%),P:1e-227	Tpos:250.4,Tstd:133.1,Bpos:245.8,Bstd:286.8,StrandBias:0.0,Multiplicity:1.84
0.459	0.009	0.147	0.385
0.313	0.020	0.482	0.184
0.184	0.001	0.667	0.148
0.139	0.001	0.704	0.156
0.103	0.062	0.093	0.742
0.017	0.026	0.013	0.944
0.173	0.024	0.024	0.779
0.603	0.001	0.051	0.345
0.167	0.018	0.770	0.045
0.253	0.002	0.643	0.102
0.147	0.002	0.827	0.024
0.058	0.052	0.001	0.889
0.001	0.001	0.001	0.997
0.130	0.053	0.179	0.638
>WRGGTTTAGGGTTT	16-WRGGTTTAGGGTTT	12.032661	-518.545951	0	T:441.0(15.02%),B:773.7(2.10%),P:1e-225	Tpos:252.9,Tstd:143.3,Bpos:238.4,Bstd:325.0,StrandBias:0.0,Multiplicity:3.11
0.517	0.012	0.062	0.409
0.363	0.012	0.508	0.117
0.132	0.049	0.714	0.105
0.199	0.043	0.632	0.126
0.032	0.074	0.096	0.798
0.008	0.021	0.007	0.964
0.245	0.009	0.030	0.716
0.670	0.002	0.088	0.240
0.173	0.004	0.773	0.050
0.103	0.001	0.835	0.061
0.107	0.037	0.693	0.163
0.056	0.046	0.052	0.846
0.017	0.032	0.003	0.948
0.093	0.001	0.039	0.867
>TTHRTGGAYGTCBD	17-TTHRTGGAYGTCBD	8.833283	-464.017342	0	T:708.0(24.11%),B:2407.0(6.53%),P:1e-201	Tpos:250.6,Tstd:140.9,Bpos:250.3,Bstd:228.2,StrandBias:-0.3,Multiplicity:2.33
0.018	0.036	0.021	0.925
0.017	0.187	0.009	0.787
0.364	0.234	0.086	0.316
0.427	0.001	0.515	0.057
0.033	0.293	0.001	0.673
0.125	0.307	0.467	0.102
0.120	0.030	0.840	0.010
0.900	0.002	0.001	0.097
0.071	0.479	0.003	0.447
0.107	0.009	0.682	0.202
0.188	0.001	0.010	0.801
0.001	0.659	0.077	0.263
0.107	0.356	0.267	0.270
0.361	0.003	0.367	0.269
>GGTTGTGTTGTTGA	18-GGTTGTGTTGTTGA	10.755548	-424.207407	0	T:416.0(14.17%),B:870.6(2.36%),P:1e-184	Tpos:254.2,Tstd:201.9,Bpos:233.6,Bstd:214.5,StrandBias:-0.0,Multiplicity:1.62
0.055	0.030	0.834	0.081
0.040	0.039	0.710	0.211
0.149	0.019	0.028	0.804
0.024	0.056	0.161	0.759
0.091	0.026	0.648	0.235
0.165	0.013	0.123	0.699
0.059	0.019	0.885	0.037
0.059	0.010	0.030	0.901
0.128	0.006	0.025	0.841
0.175	0.175	0.524	0.126
0.028	0.012	0.074	0.886
0.076	0.040	0.021	0.863
0.054	0.010	0.838	0.098
0.809	0.009	0.089	0.093
>GGTGWTCTRGAATT	19-GGTGWTCTRGAATT	12.108385	-280.621985	0	T:391.0(13.32%),B:1177.9(3.20%),P:1e-121	Tpos:248.5,Tstd:138.6,Bpos:251.8,Bstd:216.6,StrandBias:0.8,Multiplicity:1.86
0.111	0.001	0.795	0.093
0.193	0.019	0.634	0.154
0.037	0.001	0.234	0.728
0.019	0.001	0.869	0.111
0.541	0.001	0.018	0.440
0.017	0.001	0.001	0.981
0.192	0.686	0.001	0.121
0.039	0.001	0.037	0.923
0.385	0.038	0.488	0.089
0.272	0.001	0.726	0.001
0.980	0.001	0.001	0.018
0.596	0.001	0.001	0.402
0.037	0.001	0.018	0.944
0.074	0.029	0.001	0.896
>GGMTTYGGATTTKK	20-GGMTTYGGATTTKK	14.298471	-251.174009	0	T:75.0(2.55%),B:13.8(0.04%),P:1e-109	Tpos:261.3,Tstd:80.9,Bpos:218.3,Bstd:74.2,StrandBias:0.5,Multiplicity:1.24
0.144	0.001	0.819	0.036
0.001	0.001	0.997	0.001
0.443	0.520	0.001	0.036
0.001	0.001	0.001	0.997
0.001	0.001	0.001	0.997
0.001	0.562	0.001	0.436
0.036	0.036	0.927	0.001
0.144	0.001	0.783	0.072
0.654	0.238	0.036	0.072
0.035	0.001	0.001	0.963
0.001	0.001	0.001	0.997
0.001	0.345	0.001	0.653
0.036	0.001	0.527	0.436
0.190	0.001	0.446	0.363
>AAACSYCCCATTTT	21-AAACSYCCCATTTT	14.433974	-204.991097	0	T:349.0(11.89%),B:1240.4(3.37%),P:1e-89	Tpos:254.5,Tstd:129.2,Bpos:244.0,Bstd:238.7,StrandBias:1.0,Multiplicity:2.61
0.977	0.001	0.001	0.021
0.997	0.001	0.001	0.001
0.834	0.140	0.019	0.007
0.189	0.701	0.031	0.079
0.212	0.376	0.325	0.087
0.001	0.485	0.001	0.513
0.061	0.871	0.015	0.053
0.028	0.849	0.001	0.122
0.162	0.679	0.001	0.158
0.997	0.001	0.001	0.001
0.165	0.001	0.001	0.833
0.001	0.001	0.001	0.997
0.206	0.001	0.001	0.792
0.001	0.062	0.010	0.927
>AWAGTCCATGGACT	22-AWAGTCCATGGACT	14.101080	-198.312884	0	T:308.0(10.49%),B:1011.8(2.75%),P:1e-86	Tpos:253.1,Tstd:134.7,Bpos:242.5,Bstd:231.0,StrandBias:-0.0,Multiplicity:1.77
0.969	0.009	0.001	0.021
0.506	0.011	0.001	0.482
0.924	0.001	0.006	0.069
0.060	0.001	0.801	0.138
0.001	0.027	0.001	0.971
0.091	0.840	0.048	0.021
0.086	0.748	0.018	0.148
0.764	0.001	0.225	0.010
0.001	0.190	0.001	0.808
0.199	0.009	0.755	0.037
0.073	0.009	0.786	0.132
0.952	0.046	0.001	0.001
0.091	0.843	0.014	0.052
0.017	0.001	0.001	0.981
>AATTTTTGCCAAAA	23-AATTTTTGCCAAAA	12.924691	-193.649626	0	T:369.0(12.57%),B:1431.8(3.89%),P:1e-84	Tpos:249.2,Tstd:137.2,Bpos:245.1,Bstd:231.4,StrandBias:-0.0,Multiplicity:1.86
0.817	0.103	0.022	0.058
0.789	0.058	0.009	0.144
0.266	0.084	0.025	0.625
0.055	0.014	0.015	0.916
0.076	0.019	0.014	0.891
0.067	0.022	0.045	0.866
0.040	0.038	0.313	0.609
0.134	0.045	0.710	0.111
0.153	0.523	0.168	0.156
0.282	0.635	0.038	0.045
0.840	0.094	0.038	0.028
0.922	0.017	0.021	0.040
0.931	0.017	0.015	0.037
0.926	0.010	0.020	0.044
>GATGCGKGCAGGCC	24-GATGCGKGCAGGCC	10.357989	-109.185816	0	T:124.0(4.22%),B:299.1(0.81%),P:1e-47	Tpos:250.8,Tstd:131.9,Bpos:238.2,Bstd:229.8,StrandBias:3.6,Multiplicity:6.51
0.162	0.001	0.784	0.053
0.769	0.001	0.055	0.175
0.088	0.001	0.018	0.893
0.109	0.023	0.795	0.073
0.028	0.594	0.035	0.343
0.096	0.063	0.760	0.081
0.012	0.231	0.308	0.448
0.192	0.109	0.698	0.001
0.021	0.819	0.006	0.154
0.970	0.006	0.006	0.018
0.157	0.072	0.567	0.204
0.115	0.001	0.614	0.270
0.005	0.946	0.006	0.043
0.142	0.730	0.025	0.103
>TCYTCYTCYTYYTC	25-TCYTCYTCYTYYTC	9.423387	-11.924284	0	T:447.0(15.22%),B:4596.6(12.48%),P:1e-5	Tpos:247.3,Tstd:133.2,Bpos:258.5,Bstd:178.4,StrandBias:-0.3,Multiplicity:1.16
0.029	0.052	0.013	0.906
0.016	0.767	0.016	0.201
0.092	0.477	0.019	0.412
0.042	0.246	0.012	0.700
0.010	0.732	0.012	0.246
0.045	0.535	0.018	0.402
0.170	0.052	0.003	0.775
0.066	0.800	0.009	0.125
0.028	0.517	0.023	0.432
0.015	0.137	0.008	0.840
0.010	0.552	0.016	0.422
0.032	0.395	0.056	0.517
0.065	0.031	0.010	0.894
0.013	0.802	0.010	0.175
